4.3-3.8-2.7UV,2.0492,2.1502,2.3416,0,T-H,0.0000,0.0000,1.1927,1.5384,1.3070,5500.0000,32.0000,
4.3-3.8-2.7UV,1.7560,2.0270,2.1128,0,T-H,0.0000,0.0000,1.1911,1.5495,1.2146,5502.0000,32.0000,
4.3-3.8-2.7UV,1.8959,2.2239,2.5790,0,T-H,0.0000,0.0000,1.1911,1.5473,1.2975,5502.0000,32.0000,
4.3-3.8-2.7UV,1.8862,2.3092,2.4533,0,T-H,0.0000,0.0000,1.1532,1.3844,1.2268,5502.0000,32.0000,
4.3-3.8-2.7UV,1.8554,2.4221,2.1508,0,T-H,0.0000,0.0000,1.1532,1.4365,1.2423,5500.0000,32.0000,
4.3-3.8-2.7UV,1.8554,2.5357,2.2598,0,T-H,0.0000,0.0000,1.1532,1.5749,1.2110,5500.0000,32.0000,
4.3-3.8-2.7UV,1.8820,2.6031,2.1214,0,T-H,0.0000,0.0000,1.2586,1.6128,1.2143,5500.0000,32.0000,
4.3-3.8-2.7UV,1.6847,2.7872,2.4704,0,T-H,0.0000,0.0000,1.2292,1.6441,1.4327,5500.0000,32.0000,
4.3-3.8-2.7UV,1.6847,2.4673,2.4704,0,T-H,0.0000,0.0000,1.1930,1.5035,1.4327,5500.0000,32.0000,
4.3-3.8-2.7UV,1.6018,2.3359,2.3894,0,T-H,0.0000,0.0000,1.1385,1.4600,1.4237,5500.0000,32.0000,
4.3-3.8-2.7UV,1.6581,2.5706,2.3825,0,T-H,0.0000,0.0000,1.1328,1.4173,1.4636,5502.0000,32.0000,
4.3-3.8-2.7UV,1.4795,2.4420,2.0085,0,T-H,0.0000,0.0000,0.9902,1.4489,1.3489,5502.0000,32.0000,
4.3-3.8-2.7UV,1.4731,2.2601,1.9688,0,T-H,0.0000,0.0000,0.9857,1.4257,1.3976,5502.0000,32.0000,
4.3-3.8-2.7UV,1.5632,2.5200,1.9386,0,T-H,0.0000,0.0000,1.0265,1.4744,1.3694,5502.0000,32.0000,
4.3-3.8-2.7UV,1.7113,2.6435,1.9888,0,T-H,0.0000,0.0000,1.0371,1.5544,1.3121,5506.0000,32.0000,
4.3-3.8-2.7UV,1.4875,2.3166,2.2273,0,T-H,0.0000,0.0000,0.9592,1.3860,1.3869,5506.0000,32.0000,
4.3-3.8-2.7UV,1.5113,2.2548,2.3746,0,T-H,0.0000,0.0000,0.9168,1.3860,1.3756,5506.0000,32.0000,
4.3-3.8-2.7UV,1.5087,2.1125,2.3887,0,T-H,0.0000,0.0000,0.9219,1.3524,1.3324,5506.0000,32.0000,
4.3-3.8-2.7UV,1.7523,2.1725,2.5090,0,T-H,0.0000,0.0000,0.9415,1.3694,1.3324,5504.0000,32.0000,
4.3-3.8-2.7UV,1.8584,2.4505,2.7498,0,T-H,0.0000,0.0000,1.0086,1.4391,1.4977,5504.0000,32.0000,
4.3-3.8-2.7UV,1.7682,2.3773,2.8058,0,T-H,0.0000,0.0000,0.9449,1.4140,1.4353,5504.0000,32.0000,
4.3-3.8-2.7UV,1.8155,2.3385,2.7557,0,T-H,0.0000,0.0000,0.9479,1.3789,1.4185,5502.0000,32.0000,
4.3-3.8-2.7UV,1.9231,2.3362,3.0678,0,T-H,0.0000,0.0000,1.0855,1.2909,1.6970,5502.0000,32.0000,
4.3-3.8-2.7UV,1.7451,2.0191,3.3171,0,T-H,0.0000,0.0000,1.0150,1.3494,1.7753,5502.0000,32.0000,
4.3-3.8-2.7UV,1.7062,2.0191,3.2721,0,T-H,0.0000,0.0000,0.9763,1.3494,1.8187,5497.0000,32.0000,
4.3-3.8-2.7UV,1.8979,2.1940,2.8483,0,T-H,0.0000,0.0000,1.0418,1.3612,1.7363,5497.0000,32.0000,
4.3-3.8-2.7UV,1.8307,2.5016,3.0660,0,T-H,0.0000,0.0000,1.0705,1.3458,2.0120,5497.0000,32.0000,
4.3-3.8-2.7UV,1.7601,2.4581,3.0860,0,T-H,0.0000,0.0000,1.0573,1.3630,1.9579,5502.0000,32.0000,
4.3-3.8-2.7UV,1.6786,2.2501,3.0395,0,T-H,0.0000,0.0000,1.0435,1.3292,1.7499,5502.0000,32.0000,
4.3-3.8-2.7UV,1.4220,2.0816,3.0572,0,T-H,0.0000,0.0000,1.0243,1.2634,1.6398,5502.0000,32.0000,
4.3-3.8-2.7UV,1.4511,2.2417,3.0289,0,T-H,0.0000,0.0000,1.1173,1.2905,1.6567,5502.0000,32.0000,
4.3-3.8-2.7UV,1.5710,2.1566,2.7274,0,T-H,0.0000,0.0000,1.1167,1.2514,1.7379,5501.0000,32.0000,
4.3-3.8-2.7UV,1.5809,2.0115,2.8310,0,T-H,0.0000,0.0000,1.1167,1.2203,1.7379,5501.0000,32.0000,
4.3-3.8-2.7UV,1.7707,2.0772,2.4721,0,T-H,0.0000,0.0000,1.1354,1.2176,1.6624,5501.0000,32.0000,
4.3-3.8-2.7UV,1.9298,2.1776,2.4189,0,T-H,0.0000,0.0000,1.2070,1.1175,1.6059,5501.0000,32.0000,
4.3-3.8-2.7UV,1.9298,2.1776,2.4189,0,T-H,0.0000,0.0000,1.2070,1.1175,1.6059,5505.0000,32.0000,
4.3-3.8-2.7UV,1.4839,2.0488,2.6419,0,T-H,0.0000,0.0000,0.9993,1.1135,1.5003,5505.0000,32.0000,
4.3-3.8-2.7UV,1.4182,1.9611,2.2638,0,T-H,0.0000,0.0000,1.1176,1.0127,1.3702,5505.0000,32.0000,
4.3-3.8-2.7UV,1.4104,1.9990,2.0085,0,T-H,0.0000,0.0000,1.1659,1.0274,1.3709,5500.0000,32.0000,
4.3-3.8-2.7UV,1.4695,2.1757,2.0448,0,T-H,0.0000,0.0000,1.0773,0.9593,1.4073,5500.0000,32.0000,
4.3-3.8-2.7UV,1.5211,2.0187,1.9167,0,T-H,0.0000,0.0000,1.1170,0.9451,1.3694,5500.0000,32.0000,
4.3-3.8-2.7UV,1.3571,2.0187,2.0389,0,T-H,0.0000,0.0000,1.0697,0.9526,1.3758,5500.0000,32.0000,
4.3-3.8-2.7UV,1.1483,2.2346,2.0500,0,T-H,0.0000,0.0000,1.0936,1.0622,1.2765,5504.0000,32.0000,
4.3-3.8-2.7UV,1.1483,2.2368,2.2745,0,T-H,0.0000,0.0000,1.0701,1.0338,1.3000,5504.0000,32.0000,
4.3-3.8-2.7UV,1.0198,2.4954,2.2514,0,T-H,0.0000,0.0000,1.0895,1.1539,1.2565,5504.0000,32.0000,
4.3-3.8-2.7UV,1.0198,2.4506,2.0983,0,T-H,0.0000,0.0000,1.0895,1.2620,1.2941,5504.0000,32.0000,
4.3-3.8-2.7UV,1.0198,2.4506,2.0983,0,T-H,0.0000,0.0000,1.0895,1.2620,1.2941,5502.0000,32.0000,
4.3-3.8-2.7UV,1.1954,2.6650,2.0555,0,T-H,0.0000,0.0000,1.2472,1.2434,1.2281,5502.0000,32.0000,
4.3-3.8-2.7UV,1.3644,2.7650,2.0740,0,T-H,0.0000,0.0000,1.3470,1.2728,1.3089,5502.0000,32.0000,
4.3-3.8-2.7UV,1.6006,2.8494,2.1180,0,T-H,0.0000,0.0000,1.3666,1.4231,1.3245,5502.0000,32.0000,
4.3-3.8-2.7UV,1.9520,3.0375,2.2018,0,T-H,0.0000,0.0000,1.3773,1.5496,1.3217,5504.0000,32.0000,
4.3-3.8-2.7UV,2.1735,3.1982,1.9071,0,T-H,0.0000,0.0000,1.4767,1.5373,1.2495,5504.0000,32.0000,
4.3-3.8-2.7UV,2.7854,3.3683,1.7539,0,T-H,0.0000,0.0000,1.7498,1.6428,1.2389,5504.0000,32.0000,
4.3-3.8-2.7UV,3.6255,3.3877,2.0857,0,T-H,0.0000,0.0000,2.1732,1.6428,1.2833,5593.0000,32.0000,
4.3-3.8-2.7UV,4.1883,4.1462,2.2794,0,T-H,0.0000,0.0000,2.5084,2.2001,1.5214,5593.0000,32.0000,
4.3-3.8-2.7UV,4.8278,4.9217,2.9506,0,T-H,0.0000,0.0000,2.9216,2.6924,1.8585,5593.0000,32.0000,
4.3-3.8-2.7UV,19.5886,6.1513,4.8516,0,T-H,0.0000,0.0000,8.1807,3.9413,2.6215,5593.0000,34.0000,
4.3-3.8-2.7UV,57.7998,7.7184,13.3047,0,T-H,0.0000,0.0000,18.5429,7.2992,5.1233,5558.0000,34.0000,
4.3-3.8-2.7UV,83.6563,7.9674,18.7840,0,T-H,0.0000,0.0000,26.1270,9.3172,6.7999,5558.0000,34.0000,
4.3-3.8-2.7UV,108.8759,8.6400,24.4653,0,T-H,0.0000,0.0000,33.8093,10.7425,8.5994,5558.0000,34.0000,
4.3-3.8-2.7UV,133.2862,9.8691,29.1005,0,T-H,0.0000,0.0000,40.5422,12.3922,10.1411,5558.0000,34.0000,
4.3-3.8-2.7UV,157.9734,12.6770,32.7993,0,T-H,0.0000,0.0000,47.5600,14.4541,11.4638,5527.0000,34.0000,
4.3-3.8-2.7UV,180.7890,14.5350,35.5966,0,T-H,0.0000,0.0000,52.4480,15.6290,12.3543,5527.0000,34.0000,
4.3-3.8-2.7UV,226.3707,19.7810,43.1899,0,T-H,0.0000,0.0000,64.3227,19.2544,14.9923,5527.0000,34.0000,
4.3-3.8-2.7UV,236.7870,22.5616,40.8104,0,T-H,0.0000,0.0000,63.7112,18.8583,14.7038,5547.0000,34.0000,
4.3-3.8-2.7UV,236.7410,23.2505,37.8740,0,T-H,0.0000,0.0000,63.0516,19.1367,14.0140,5547.0000,34.0000,
4.3-3.8-2.7UV,236.0508,25.4218,33.5833,0,T-H,0.0000,0.0000,62.5327,19.0067,13.1833,5541.0000,34.0000,
4.3-3.8-2.7UV,235.0706,28.0883,31.9166,0,T-H,0.0000,0.0000,61.9386,18.4884,12.7288,5541.0000,34.0000,
4.3-3.8-2.7UV,229.8184,28.4830,31.7555,0,T-H,0.0000,0.0000,60.5237,18.4884,12.6015,5541.0000,34.0000,
4.3-3.8-2.7UV,225.8360,29.1542,31.7555,0,T-H,0.0000,0.0000,59.7503,19.0989,12.5178,5541.0000,34.0000,
4.3-3.8-2.7UV,226.1723,31.0300,31.7555,0,T-H,0.0000,0.0000,59.7503,18.8493,12.5178,5541.0000,34.0000,
4.3-3.8-2.7UV,228.5743,31.6916,31.8626,0,T-H,0.0000,0.0000,61.5275,18.8628,12.5375,5507.0000,34.0000,
4.3-3.8-2.7UV,234.9057,35.3171,32.0073,0,T-H,0.0000,0.0000,63.4226,19.1682,12.4767,5507.0000,34.0000,
4.3-3.8-2.7UV,241.1135,35.5711,33.1878,0,T-H,0.0000,0.0000,64.9143,19.1682,12.7733,5507.0000,34.0000,
4.3-3.8-2.7UV,246.7440,37.5391,34.1339,0,T-H,0.0000,0.0000,67.3230,18.4871,13.0751,5506.0000,34.0000,
4.3-3.8-2.7UV,247.1974,37.1933,36.2523,0,T-H,0.0000,0.0000,67.3047,18.4802,13.2890,5506.0000,34.0000,
4.3-3.8-2.7UV,250.3879,37.1933,36.9184,0,T-H,0.0000,0.0000,68.2437,18.6215,13.4272,5506.0000,34.0000,
4.3-3.8-2.7UV,253.9819,37.1933,36.7155,0,T-H,0.0000,0.0000,69.4061,18.9445,13.4779,5506.0000,34.0000,
4.3-3.8-2.7UV,263.6376,38.9830,35.9844,0,T-H,0.0000,0.0000,71.7597,18.2823,13.1271,5547.0000,34.0000,
4.3-3.8-2.7UV,272.0757,40.6921,35.9844,0,T-H,0.0000,0.0000,74.2758,19.1420,13.3117,5547.0000,34.0000,
4.3-3.8-2.7UV,277.3066,43.8920,34.6590,0,T-H,0.0000,0.0000,74.5305,18.4478,12.8237,5547.0000,34.0000,
4.3-3.8-2.7UV,277.3066,46.9732,32.5263,0,T-H,0.0000,0.0000,74.5305,17.9451,12.2385,5547.0000,34.0000,
4.3-3.8-2.7UV,274.2624,47.8603,30.3790,0,T-H,0.0000,0.0000,74.0464,18.1704,11.5260,5547.0000,34.0000,
4.3-3.8-2.7UV,259.4047,40.6437,27.0653,0,T-H,0.0000,0.0000,69.8890,18.7277,10.4325,5578.0000,34.0000,
4.3-3.8-2.7UV,248.5390,37.6914,25.7647,0,T-H,0.0000,0.0000,67.2807,19.0155,10.0427,5578.0000,34.0000,
4.3-3.8-2.7UV,238.5400,37.0047,24.7516,0,T-H,0.0000,0.0000,64.9632,18.9430,9.5614,5578.0000,34.0000,
4.3-3.8-2.7UV,234.4441,35.5525,24.7516,0,T-H,0.0000,0.0000,63.6863,19.7503,9.4892,5512.0000,34.0000,
4.3-3.8-2.7UV,237.1425,35.3644,24.7516,0,T-H,0.0000,0.0000,64.4662,19.6508,9.4892,5512.0000,34.0000,
4.3-3.8-2.7UV,234.5761,34.4935,24.3595,0,T-H,0.0000,0.0000,63.5878,20.1396,9.3241,5512.0000,34.0000,
4.3-3.8-2.7UV,226.0319,28.2137,24.9166,0,T-H,0.0000,0.0000,62.1969,20.6777,9.4227,5512.0000,34.0000,
4.3-3.8-2.7UV,222.9334,25.0989,25.5683,0,T-H,0.0000,0.0000,61.2201,21.2009,9.5735,5507.0000,34.0000,
4.3-3.8-2.7UV,218.4972,22.2298,25.8431,0,T-H,0.0000,0.0000,61.5921,21.0373,9.3470,5507.0000,34.0000,
4.3-3.8-2.7UV,205.6607,18.3213,26.9763,0,T-H,0.0000,0.0000,59.2278,20.8636,9.7313,5507.0000,34.0000,
4.3-3.8-2.7UV,204.9670,17.3570,28.5209,0,T-H,0.0000,0.0000,60.6413,21.0977,10.1121,5523.0000,34.0000,
4.3-3.8-2.7UV,205.1635,18.5156,28.5209,0,T-H,0.0000,0.0000,60.5307,20.8856,10.1121,5523.0000,34.0000,
4.3-3.8-2.7UV,205.9078,16.5092,29.5855,0,T-H,0.0000,0.0000,61.6700,20.8856,10.4401,5523.0000,34.0000,
4.3-3.8-2.7UV,205.9287,16.9561,30.1007,0,T-H,0.0000,0.0000,61.7149,20.8393,10.4092,5523.0000,34.0000,
4.3-3.8-2.7UV,188.1966,12.9421,28.4410,0,T-H,0.0000,0.0000,56.9527,20.9402,10.0910,5509.0000,34.0000,
4.3-3.8-2.7UV,188.1966,12.9421,27.9175,0,T-H,0.0000,0.0000,56.9527,20.9402,9.6977,5509.0000,34.0000,
4.3-3.8-2.7UV,188.1288,12.9421,27.9175,0,T-H,0.0000,0.0000,56.7729,20.9402,9.6977,5509.0000,34.0000,
4.3-3.8-2.7UV,186.8266,13.7444,27.9332,0,T-H,0.0000,0.0000,56.5652,20.8273,9.7280,5528.0000,34.0000,
4.3-3.8-2.7UV,185.8270,13.5782,28.7751,0,T-H,0.0000,0.0000,56.5652,21.0570,10.0065,5528.0000,34.0000,
4.3-3.8-2.7UV,187.8262,14.3579,29.5671,0,T-H,0.0000,0.0000,57.2878,21.0229,10.5816,5528.0000,34.0000,
4.3-3.8-2.7UV,192.8911,15.5021,29.7025,0,T-H,0.0000,0.0000,57.9625,21.2134,10.5816,5528.0000,34.0000,
4.3-3.8-2.7UV,189.1543,15.9772,28.9380,0,T-H,0.0000,0.0000,55.9254,20.4841,10.4652,5536.0000,34.0000,
4.3-3.8-2.7UV,188.5768,15.2894,28.8844,0,T-H,0.0000,0.0000,56.2561,20.2010,10.4472,5536.0000,34.0000,
4.3-3.8-2.7UV,191.1017,17.1510,28.4363,0,T-H,0.0000,0.0000,55.9467,19.7959,10.5830,5536.0000,34.0000,
4.3-3.8-2.7UV,203.9100,22.4177,26.2969,0,T-H,0.0000,0.0000,58.0087,17.6603,10.0808,5546.0000,34.0000,
4.3-3.8-2.7UV,205.5323,24.1318,25.3196,0,T-H,0.0000,0.0000,58.9971,17.1933,10.0222,5546.0000,34.0000,
4.3-3.8-2.7UV,205.5323,27.2049,22.5467,0,T-H,0.0000,0.0000,58.8796,16.5748,9.5374,5546.0000,34.0000,
4.3-3.8-2.7UV,207.2023,33.7917,18.2808,0,T-H,0.0000,0.0000,58.4020,15.2563,8.9838,5527.0000,34.0000,
4.3-3.8-2.7UV,208.7843,34.7726,17.1790,0,T-H,0.0000,0.0000,58.8052,14.9914,8.6073,5527.0000,34.0000,
4.3-3.8-2.7UV,210.8118,38.3703,16.3503,0,T-H,0.0000,0.0000,58.3453,14.7510,8.1690,5527.0000,34.0000,
4.3-3.8-2.7UV,217.3049,44.1548,15.0932,0,T-H,0.0000,0.0000,59.3879,14.7712,7.5165,5574.0000,34.0000,
4.3-3.8-2.7UV,219.9803,46.6804,14.3823,0,T-H,0.0000,0.0000,60.1040,14.7712,7.2358,5574.0000,34.0000,
4.3-3.8-2.7UV,220.9398,49.4118,13.3411,0,T-H,0.0000,0.0000,61.0115,14.8888,6.6498,5574.0000,34.0000,
4.3-3.8-2.7UV,223.2031,50.4987,12.4823,0,T-H,0.0000,0.0000,62.0776,15.1568,6.1152,5533.0000,34.0000,
4.3-3.8-2.7UV,226.4766,48.6673,13.3411,0,T-H,0.0000,0.0000,61.9699,15.2575,6.4360,5533.0000,34.0000,
4.3-3.8-2.7UV,217.6355,38.7550,14.9891,0,T-H,0.0000,0.0000,58.5252,15.3086,6.5132,5506.0000,34.0000,
4.3-3.8-2.7UV,216.2618,38.1394,15.1688,0,T-H,0.0000,0.0000,57.7056,15.7009,6.5132,5506.0000,34.0000,
4.3-3.8-2.7UV,212.6600,36.8910,14.7730,0,T-H,0.0000,0.0000,56.3853,15.9972,6.5321,5506.0000,34.0000,
4.3-3.8-2.7UV,212.6600,36.8910,14.7730,0,T-H,0.0000,0.0000,56.3853,15.9972,6.5321,5506.0000,34.0000,
4.3-3.8-2.7UV,210.7922,33.9850,15.6960,0,T-H,0.0000,0.0000,55.8923,15.9045,6.6612,5506.0000,34.0000,
4.3-3.8-2.7UV,209.6123,32.9228,16.1764,0,T-H,0.0000,0.0000,56.7670,16.6484,7.2857,5518.0000,34.0000,
4.3-3.8-2.7UV,205.9032,31.0459,16.0785,0,T-H,0.0000,0.0000,55.1765,16.2198,7.3144,5518.0000,34.0000,
4.3-3.8-2.7UV,204.8268,31.0459,16.0626,0,T-H,0.0000,0.0000,55.1765,15.7266,7.6801,5518.0000,34.0000,
4.3-3.8-2.7UV,204.8268,30.6282,16.9270,0,T-H,0.0000,0.0000,54.9094,15.1835,7.8501,5518.0000,34.0000,
4.3-3.8-2.7UV,201.1315,29.0887,16.9270,0,T-H,0.0000,0.0000,53.6002,14.5083,7.8501,5505.0000,34.0000,
4.3-3.8-2.7UV,191.9338,27.9154,15.2594,0,T-H,0.0000,0.0000,52.4897,14.0837,7.6490,5505.0000,34.0000,
4.3-3.8-2.7UV,172.3767,28.4331,14.7886,0,T-H,0.0000,0.0000,51.0700,13.7319,7.5362,5505.0000,34.0000,
4.3-3.8-2.7UV,162.7285,30.2248,14.7886,0,T-H,0.0000,0.0000,50.5404,13.9426,7.6131,5505.0000,34.0000,
4.3-3.8-2.7UV,155.1368,31.1469,15.4662,0,T-H,0.0000,0.0000,50.3919,14.3348,7.9141,5505.0000,34.0000,
4.3-3.8-2.7UV,147.9574,33.3902,15.2529,0,T-H,0.0000,0.0000,49.0791,14.3348,8.3855,5539.0000,34.0000,
4.3-3.8-2.7UV,141.0620,36.2968,14.5432,0,T-H,0.0000,0.0000,47.1456,14.4459,8.3020,5539.0000,34.0000,
4.3-3.8-2.7UV,130.6888,35.8415,14.5432,0,T-H,0.0000,0.0000,46.3267,14.5768,8.0544,5539.0000,34.0000,
4.3-3.8-2.7UV,123.2982,36.7437,15.5504,0,T-H,0.0000,0.0000,46.8360,14.1517,8.2462,5539.0000,34.0000,
4.3-3.8-2.7UV,93.3975,33.6475,13.4661,0,T-H,0.0000,0.0000,44.0937,12.9795,8.5029,5574.0000,34.0000,
4.3-3.8-2.7UV,82.6283,26.6276,13.2913,0,T-H,0.0000,0.0000,40.4072,11.7400,9.5719,5574.0000,34.0000,
4.3-3.8-2.7UV,80.4419,24.4002,13.3931,0,T-H,0.0000,0.0000,38.4283,11.4797,9.6268,5574.0000,34.0000,
4.3-3.8-2.7UV,75.9578,22.1196,13.5169,0,T-H,0.0000,0.0000,36.1978,11.4452,9.9600,5574.0000,34.0000,
4.3-3.8-2.7UV,66.5498,20.2123,15.5439,0,T-H,0.0000,0.0000,33.9867,11.3734,10.5659,5536.0000,34.0000,
4.3-3.8-2.7UV,85.7034,22.4284,18.3619,0,T-H,0.0000,0.0000,36.3898,12.4242,10.8274,5536.0000,34.0000,
4.3-3.8-2.7UV,87.0288,22.4284,18.2407,0,T-H,0.0000,0.0000,36.8392,12.1922,10.8321,5536.0000,34.0000,
4.3-3.8-2.7UV,87.2139,22.4284,18.2407,0,T-H,0.0000,0.0000,36.8392,12.1922,10.4981,5536.0000,34.0000,
4.3-3.8-2.7UV,87.9558,22.4284,18.5276,0,T-H,0.0000,0.0000,38.3485,12.1922,10.2888,5546.0000,34.0000,
4.3-3.8-2.7UV,86.4290,21.0340,19.7223,0,T-H,0.0000,0.0000,39.9545,12.1922,10.3944,5546.0000,34.0000,
4.3-3.8-2.7UV,85.5023,19.0658,19.7223,0,T-H,0.0000,0.0000,40.1430,12.1922,10.9746,5546.0000,34.0000,
4.3-3.8-2.7UV,101.4569,22.2788,21.7239,0,T-H,0.0000,0.0000,39.9303,13.0309,10.6275,5546.0000,34.0000,
4.3-3.8-2.7UV,111.2485,25.9004,22.4195,0,T-H,0.0000,0.0000,40.9305,14.0026,10.3159,5545.0000,34.0000,
4.3-3.8-2.7UV,117.3724,28.4197,24.1036,0,T-H,0.0000,0.0000,41.1828,14.2558,10.1396,5545.0000,34.0000,
4.3-3.8-2.7UV,129.9572,33.1325,26.5701,0,T-H,0.0000,0.0000,43.8380,15.9566,10.3791,5545.0000,34.0000,
4.3-3.8-2.7UV,135.9948,35.1649,27.3202,0,T-H,0.0000,0.0000,45.0513,16.7675,10.4282,5545.0000,34.0000,
4.3-3.8-2.7UV,140.3962,38.5841,25.8010,0,T-H,0.0000,0.0000,44.4800,16.9051,10.2899,5504.0000,34.0000,
4.3-3.8-2.7UV,140.4249,39.0198,26.8482,0,T-H,0.0000,0.0000,43.3903,17.1260,10.5313,5504.0000,34.0000,
4.3-3.8-2.7UV,142.0359,42.0690,24.5903,0,T-H,0.0000,0.0000,38.4502,14.7291,10.9710,5531.0000,34.0000,
4.3-3.8-2.7UV,142.0359,42.4010,23.9293,0,T-H,0.0000,0.0000,39.1155,15.0277,10.9400,5531.0000,34.0000,
4.3-3.8-2.7UV,142.4657,42.5838,23.0337,0,T-H,0.0000,0.0000,36.6908,13.8329,10.9129,5556.0000,34.0000,
4.3-3.8-2.7UV,145.0381,43.4712,22.4961,0,T-H,0.0000,0.0000,36.2073,13.1924,11.0045,5556.0000,34.0000,
4.3-3.8-2.7UV,147.6881,42.9827,22.4961,0,T-H,0.0000,0.0000,36.6721,13.1924,11.0045,5556.0000,34.0000,
4.3-3.8-2.7UV,150.1298,43.7552,23.6049,0,T-H,0.0000,0.0000,35.5593,13.0359,11.1420,5575.0000,34.0000,
4.3-3.8-2.7UV,159.6268,44.6710,25.3831,0,T-H,0.0000,0.0000,38.5348,13.2843,11.3002,5575.0000,34.0000,
4.3-3.8-2.7UV,162.9115,44.9787,25.6890,0,T-H,0.0000,0.0000,39.0041,13.3395,11.1736,5575.0000,34.0000,
4.3-3.8-2.7UV,165.6051,45.5573,25.7347,0,T-H,0.0000,0.0000,39.1093,13.4493,10.9650,5499.0000,34.0000,
4.3-3.8-2.7UV,170.8302,45.8029,25.4689,0,T-H,0.0000,0.0000,41.6948,13.9782,10.7087,5499.0000,34.0000,
4.3-3.8-2.7UV,170.8302,45.3113,26.1420,0,T-H,0.0000,0.0000,41.3593,13.3702,10.8919,5499.0000,34.0000,
4.3-3.8-2.7UV,170.3313,43.0602,25.2788,0,T-H,0.0000,0.0000,43.0421,13.4893,10.8034,5505.0000,34.0000,
4.3-3.8-2.7UV,156.5119,39.0949,23.6169,0,T-H,0.0000,0.0000,41.0023,12.9677,9.9009,5505.0000,34.0000,
4.3-3.8-2.7UV,129.3216,34.0670,17.9349,0,T-H,0.0000,0.0000,34.4199,10.3879,7.5094,5505.0000,34.0000,
4.3-3.8-2.7UV,110.2542,29.2472,14.8415,0,T-H,0.0000,0.0000,29.4898,8.9798,6.6759,5509.0000,34.0000,
4.3-3.8-2.7UV,92.5004,25.4676,12.3811,0,T-H,0.0000,0.0000,25.4466,8.2275,5.9669,5509.0000,34.0000,
4.3-3.8-2.7UV,39.2838,12.9582,5.8560,0,T-H,0.0000,0.0000,12.0351,5.0134,3.2704,5509.0000,34.0000,
4.3-3.8-2.7UV,23.6382,8.7869,4.3997,0,T-H,0.0000,0.0000,8.1337,3.9228,2.6163,5505.0000,34.0000,
4.3-3.8-2.7UV,7.6572,4.8582,4.5823,0,T-H,0.0000,0.0000,4.1202,3.0692,2.5450,5505.0000,32.0000,
4.3-3.8-2.7UV,5.2289,4.2965,3.6416,0,T-H,0.0000,0.0000,2.5033,2.4719,2.0002,5505.0000,32.0000,
4.3-3.8-2.7UV,4.5498,3.6020,3.1836,0,T-H,0.0000,0.0000,2.3821,2.0538,1.7057,5505.0000,32.0000,
4.3-3.8-2.7UV,4.0292,3.6020,2.7726,0,T-H,0.0000,0.0000,2.1139,1.8898,1.4104,5505.0000,32.0000,
4.3-3.8-2.7UV,3.5805,3.1177,2.6765,0,T-H,0.0000,0.0000,1.9602,1.6546,1.3150,5503.0000,32.0000,
4.3-3.8-2.7UV,2.9602,2.9899,2.6765,0,T-H,0.0000,0.0000,1.7047,1.6029,1.3150,5503.0000,32.0000,
4.3-3.8-2.7UV,2.7382,3.0102,2.4695,0,T-H,0.0000,0.0000,1.5859,1.6353,1.2776,5503.0000,32.0000,
4.3-3.8-2.7UV,2.4414,2.5310,2.5925,0,T-H,0.0000,0.0000,1.3178,1.4606,1.2244,5503.0000,32.0000,
4.3-3.8-2.7UV,2.1749,2.5312,2.5679,0,T-H,0.0000,0.0000,1.1725,1.4636,1.2095,5504.0000,32.0000,
4.3-3.8-2.7UV,2.1892,2.3158,2.2775,0,T-H,0.0000,0.0000,1.1665,1.2804,1.0723,5504.0000,32.0000,
4.3-3.8-2.7UV,2.0697,2.1518,2.3384,0,T-H,0.0000,0.0000,1.1913,1.3663,1.1873,5504.0000,32.0000,
4.3-3.8-2.7UV,2.2737,1.7341,2.4897,0,T-H,0.0000,0.0000,1.1411,1.3024,1.2234,5504.0000,32.0000,
4.3-3.8-2.7UV,2.3430,1.7190,2.2207,0,T-H,0.0000,0.0000,1.1411,1.2977,1.2016,5503.0000,32.0000,
4.3-3.8-2.7UV,2.2603,1.6566,2.1913,0,T-H,0.0000,0.0000,1.1270,1.1964,1.2715,5503.0000,32.0000,
4.3-3.8-2.7UV,2.2663,1.4899,2.3293,0,T-H,0.0000,0.0000,1.1176,1.1493,1.3078,5503.0000,32.0000,
4.3-3.8-2.7UV,2.2149,1.4657,2.3207,0,T-H,0.0000,0.0000,1.1306,1.1205,1.4236,5503.0000,32.0000,
4.3-3.8-2.7UV,2.4562,1.4237,2.5152,0,T-H,0.0000,0.0000,1.1461,1.1142,1.4549,5503.0000,32.0000,
4.3-3.8-2.7UV,2.2066,1.4877,2.5139,0,T-H,0.0000,0.0000,1.1274,1.0502,1.4549,5503.0000,32.0000,
4.3-3.8-2.7UV,2.2066,1.5442,2.5200,0,T-H,0.0000,0.0000,1.1274,1.1168,1.4795,5503.0000,32.0000,
4.3-3.8-2.7UV,1.8543,1.7103,2.6942,0,T-H,0.0000,0.0000,1.1412,1.1523,1.5363,5504.0000,32.0000,
4.3-3.8-2.7UV,1.7042,2.0571,2.6823,0,T-H,0.0000,0.0000,1.1237,1.2098,1.4963,5504.0000,32.0000,
4.3-3.8-2.7UV,1.5708,2.1109,2.6552,0,T-H,0.0000,0.0000,1.0566,1.2978,1.5138,5504.0000,32.0000,
4.3-3.8-2.7UV,1.4034,2.1997,2.5956,0,T-H,0.0000,0.0000,1.0927,1.2541,1.6144,5504.0000,32.0000,
4.3-3.8-2.7UV,1.6202,2.2952,2.8080,0,T-H,0.0000,0.0000,1.1525,1.2058,1.6101,5504.0000,32.0000,
4.3-3.8-2.7UV,1.5691,2.5116,2.6546,0,T-H,0.0000,0.0000,1.1598,1.3115,1.6675,5504.0000,32.0000,
4.3-3.8-2.7UV,1.7576,2.6333,2.7378,0,T-H,0.0000,0.0000,1.1452,1.3887,1.6120,5501.0000,32.0000,
4.3-3.8-2.7UV,2.0104,2.7115,2.7378,0,T-H,0.0000,0.0000,1.2219,1.4894,1.6120,5501.0000,32.0000,
4.3-3.8-2.7UV,2.2869,2.3320,2.3668,0,T-H,0.0000,0.0000,1.2653,1.4033,1.4722,5501.0000,32.0000,
4.3-3.8-2.7UV,2.2170,2.4668,2.4153,0,T-H,0.0000,0.0000,1.1717,1.3509,1.4710,5503.0000,32.0000,
4.3-3.8-2.7UV,2.1652,1.9669,2.1183,0,T-H,0.0000,0.0000,1.1403,1.0466,1.4073,5503.0000,32.0000,
4.3-3.8-2.7UV,2.2447,2.0965,2.1328,0,T-H,0.0000,0.0000,1.2017,0.9709,1.4154,5503.0000,32.0000,
4.3-3.8-2.7UV,1.9065,2.0965,2.2093,0,T-H,0.0000,0.0000,1.0910,0.9703,1.3225,5502.0000,32.0000,
4.3-3.8-2.7UV,1.7726,1.9302,1.8041,0,T-H,0.0000,0.0000,1.1460,0.9356,1.1519,5502.0000,32.0000,
4.3-3.8-2.7UV,1.6770,1.9275,1.6778,0,T-H,0.0000,0.0000,1.1545,0.8884,1.1745,5504.0000,32.0000,
4.3-3.8-2.7UV,1.4391,1.7905,1.8887,0,T-H,0.0000,0.0000,0.9892,0.8911,1.2073,5504.0000,32.0000,
4.3-3.8-2.7UV,1.5223,1.7905,1.9990,0,T-H,0.0000,0.0000,1.0450,0.8911,1.2727,5504.0000,32.0000,
4.3-3.8-2.7UV,1.6260,1.7379,1.7274,0,T-H,0.0000,0.0000,1.1017,0.9226,1.2375,5503.0000,32.0000,
4.3-3.8-2.7UV,1.4140,1.6675,1.9465,0,T-H,0.0000,0.0000,1.1001,1.0187,1.2838,5503.0000,32.0000,
4.3-3.8-2.7UV,1.3958,1.8151,2.0316,0,T-H,0.0000,0.0000,1.0952,1.0187,1.2284,5503.0000,32.0000,
4.3-3.8-2.7UV,1.4133,1.6504,2.1162,0,T-H,0.0000,0.0000,1.0451,1.0270,1.1881,5503.0000,32.0000,
4.3-3.8-2.7UV,1.5209,1.6240,1.8613,0,T-H,0.0000,0.0000,1.0694,1.0729,1.2300,5505.0000,32.0000,
4.3-3.8-2.7UV,1.6738,1.9610,1.7246,0,T-H,0.0000,0.0000,1.0692,1.0799,1.1828,5505.0000,32.0000,
4.3-3.8-2.7UV,1.6329,1.9761,1.5896,0,T-H,0.0000,0.0000,1.0919,1.1435,1.1566,5504.0000,32.0000,
4.3-3.8-2.7UV,1.7688,1.8383,1.6766,0,T-H,0.0000,0.0000,1.2581,1.0893,1.2406,5504.0000,32.0000,
4.3-3.8-2.7UV,1.9201,2.1046,1.6527,0,T-H,0.0000,0.0000,1.3137,1.1622,1.2406,5504.0000,32.0000,
4.3-3.8-2.7UV,2.1715,2.0706,1.8017,0,T-H,0.0000,0.0000,1.3296,1.1558,1.2174,5504.0000,32.0000,
4.3-3.8-2.7UV,2.2213,2.1079,1.6742,0,T-H,0.0000,0.0000,1.2596,1.1762,1.2152,5504.0000,32.0000,
4.3-3.8-2.7UV,2.1986,1.9389,1.7975,0,T-H,0.0000,0.0000,1.1857,1.2288,1.2793,5504.0000,32.0000,
4.3-3.8-2.7UV,2.2376,2.1122,1.9299,0,T-H,0.0000,0.0000,1.2875,1.2854,1.3113,5503.0000,32.0000,
4.3-3.8-2.7UV,2.4159,1.9743,1.9550,0,T-H,0.0000,0.0000,1.3925,1.2646,1.2787,5503.0000,32.0000,
4.3-3.8-2.7UV,2.2605,1.8211,1.9032,0,T-H,0.0000,0.0000,1.3199,1.2246,1.2999,5503.0000,32.0000,
4.3-3.8-2.7UV,2.2605,1.9431,2.0441,0,T-H,0.0000,0.0000,1.3483,1.2849,1.4043,5503.0000,32.0000,
4.3-3.8-2.7UV,2.3060,2.0309,2.0520,0,T-H,0.0000,0.0000,1.3155,1.2427,1.4224,5502.0000,32.0000,
4.3-3.8-2.7UV,2.2746,2.2350,1.9455,0,T-H,0.0000,0.0000,1.2968,1.3369,1.4224,5502.0000,32.0000,
4.3-3.8-2.7UV,2.1531,2.1969,1.8196,0,T-H,0.0000,0.0000,1.2063,1.2721,1.4027,5502.0000,32.0000,
4.3-3.8-2.7UV,1.9639,2.1276,1.9221,0,T-H,0.0000,0.0000,1.1018,1.3566,1.4386,5502.0000,32.0000,
4.3-3.8-2.7UV,2.1524,2.2023,1.8093,0,T-H,0.0000,0.0000,1.1630,1.3772,1.4580,5502.0000,32.0000,
4.3-3.8-2.7UV,2.1431,2.6266,2.0132,0,T-H,0.0000,0.0000,1.2280,1.4802,1.5666,5502.0000,32.0000,
4.3-3.8-2.7UV,2.0358,2.3318,1.8770,0,T-H,0.0000,0.0000,1.2268,1.3769,1.5445,5503.0000,32.0000,
4.3-3.8-2.7UV,2.0151,2.3605,1.8687,0,T-H,0.0000,0.0000,1.2031,1.3404,1.5445,5503.0000,32.0000,
4.3-3.8-2.7UV,1.8763,2.2268,2.1674,0,T-H,0.0000,0.0000,1.2031,1.3910,1.6538,5503.0000,32.0000,
4.3-3.8-2.7UV,1.8329,2.2542,2.5682,0,T-H,0.0000,0.0000,1.2543,1.4100,1.7052,5503.0000,32.0000,
4.3-3.8-2.7UV,1.8329,2.1956,2.5361,0,T-H,0.0000,0.0000,1.2543,1.4155,1.7245,5503.0000,32.0000,
4.3-3.8-2.7UV,1.7358,1.7888,2.8767,0,T-H,0.0000,0.0000,1.2030,1.2879,1.7143,5505.0000,32.0000,
4.3-3.8-2.7UV,1.7633,1.9289,3.1656,0,T-H,0.0000,0.0000,1.2375,1.2667,1.8008,5505.0000,32.0000,
4.3-3.8-2.7UV,1.9152,2.0231,3.2605,0,T-H,0.0000,0.0000,1.3563,1.2586,1.8624,5506.0000,32.0000,
4.3-3.8-2.7UV,1.8124,2.1255,3.4819,0,T-H,0.0000,0.0000,1.4319,1.3239,1.8455,5506.0000,32.0000,
4.3-3.8-2.7UV,2.0504,2.1914,3.8124,0,T-H,0.0000,0.0000,1.4950,1.3284,1.9158,5506.0000,32.0000,
4.3-3.8-2.7UV,1.9112,2.0916,3.6958,0,T-H,0.0000,0.0000,1.4427,1.2632,1.9039,5506.0000,32.0000,
4.3-3.8-2.7UV,1.9112,2.3821,3.7134,0,T-H,0.0000,0.0000,1.3847,1.3346,1.8456,5505.0000,32.0000,
4.3-3.8-2.7UV,1.9563,2.3821,3.7557,0,T-H,0.0000,0.0000,1.4081,1.3623,1.8456,5505.0000,32.0000,
4.3-3.8-2.7UV,1.9967,2.5744,3.6077,0,T-H,0.0000,0.0000,1.3777,1.3283,1.8456,5505.0000,32.0000,
4.3-3.8-2.7UV,2.2450,2.5644,3.3780,0,T-H,0.0000,0.0000,1.3802,1.3181,1.7783,5505.0000,32.0000,
4.3-3.8-2.7UV,2.0817,2.5673,3.2641,0,T-H,0.0000,0.0000,1.3622,1.2810,1.6805,5505.0000,32.0000,
4.3-3.8-2.7UV,2.0774,2.7730,3.2641,0,T-H,0.0000,0.0000,1.3346,1.3987,1.6805,5504.0000,32.0000,
4.3-3.8-2.7UV,1.9902,2.7725,3.2641,0,T-H,0.0000,0.0000,1.3223,1.4792,1.6805,5504.0000,32.0000,
4.3-3.8-2.7UV,1.9187,2.5937,3.1170,0,T-H,0.0000,0.0000,1.3293,1.4753,1.6100,5504.0000,32.0000,
4.3-3.8-2.7UV,1.7316,2.7456,3.0062,0,T-H,0.0000,0.0000,1.2334,1.4930,1.6151,5504.0000,32.0000,
4.3-3.8-2.7UV,1.6539,2.8905,2.6802,0,T-H,0.0000,0.0000,1.1985,1.5152,1.5345,5504.0000,32.0000,
4.3-3.8-2.7UV,1.6424,2.7073,2.8057,0,T-H,0.0000,0.0000,1.1811,1.4496,1.4675,5501.0000,32.0000,
4.3-3.8-2.7UV,1.7687,2.5910,2.9580,0,T-H,0.0000,0.0000,1.1381,1.4492,1.5180,5501.0000,32.0000,
4.3-3.8-2.7UV,1.7687,2.5640,2.6803,0,T-H,0.0000,0.0000,1.1163,1.3990,1.4661,5501.0000,32.0000,
4.3-3.8-2.7UV,1.8374,2.4853,2.6442,0,T-H,0.0000,0.0000,1.1645,1.3680,1.4739,5501.0000,32.0000,
4.3-3.8-2.7UV,2.0146,2.3498,2.6728,0,T-H,0.0000,0.0000,1.2485,1.2698,1.4971,5505.0000,32.0000,
4.3-3.8-2.7UV,2.0146,2.1879,2.6728,0,T-H,0.0000,0.0000,1.2485,1.2352,1.4971,5505.0000,32.0000,
4.3-3.8-2.7UV,1.9289,2.0047,2.5794,0,T-H,0.0000,0.0000,1.2478,1.2016,1.4105,5505.0000,32.0000,
4.3-3.8-2.7UV,1.8473,2.2418,2.3520,0,T-H,0.0000,0.0000,1.1601,1.2803,1.3904,5505.0000,32.0000,
4.3-3.8-2.7UV,1.8115,2.0469,2.3610,0,T-H,0.0000,0.0000,1.1674,1.2473,1.4587,5501.0000,32.0000,
4.3-3.8-2.7UV,1.9418,2.2947,2.2749,0,T-H,0.0000,0.0000,1.1695,1.2146,1.5110,5501.0000,32.0000,
4.3-3.8-2.7UV,2.2719,2.2055,2.2231,0,T-H,0.0000,0.0000,1.2696,1.1482,1.4332,5501.0000,32.0000,
4.3-3.8-2.7UV,2.3007,2.3528,2.1415,0,T-H,0.0000,0.0000,1.3048,1.2470,1.4623,5502.0000,32.0000,
4.3-3.8-2.7UV,2.2383,2.1116,1.8978,0,T-H,0.0000,0.0000,1.2619,1.1431,1.3007,5502.0000,32.0000,
4.3-3.8-2.7UV,2.1913,2.1116,1.8978,0,T-H,0.0000,0.0000,1.2619,1.1431,1.3007,5502.0000,32.0000,
4.3-3.8-2.7UV,1.9759,2.2222,1.7704,0,T-H,0.0000,0.0000,1.1410,1.2908,1.2700,5500.0000,32.0000,
4.3-3.8-2.7UV,1.8433,2.3079,1.7704,0,T-H,0.0000,0.0000,1.1410,1.2741,1.2700,5500.0000,32.0000,
4.3-3.8-2.7UV,1.8439,2.3581,1.6143,0,T-H,0.0000,0.0000,1.0882,1.2889,1.2058,5500.0000,32.0000,
4.3-3.8-2.7UV,1.8355,2.1440,1.5594,0,T-H,0.0000,0.0000,1.0925,1.2608,1.1741,5500.0000,32.0000,
4.3-3.8-2.7UV,1.8491,2.1440,1.5483,0,T-H,0.0000,0.0000,1.1305,1.2206,1.1792,5500.0000,32.0000,
4.3-3.8-2.7UV,1.7750,2.3635,1.7315,0,T-H,0.0000,0.0000,1.0658,1.2237,1.0692,5502.0000,32.0000,
4.3-3.8-2.7UV,1.5968,2.1941,1.8116,0,T-H,0.0000,0.0000,1.0268,1.1663,1.1140,5502.0000,32.0000,
4.3-3.8-2.7UV,1.5843,2.2943,1.6543,0,T-H,0.0000,0.0000,1.0268,1.2459,1.1255,5502.0000,32.0000,
4.3-3.8-2.7UV,1.7933,2.3277,1.8360,0,T-H,0.0000,0.0000,1.0397,1.2184,1.1779,5505.0000,32.0000,
4.3-3.8-2.7UV,1.7810,2.3476,2.0682,0,T-H,0.0000,0.0000,1.0003,1.2184,1.1821,5505.0000,32.0000,
4.3-3.8-2.7UV,1.7344,2.5438,2.2176,0,T-H,0.0000,0.0000,1.0373,1.2792,1.1976,5500.0000,32.0000,
4.3-3.8-2.7UV,1.8388,2.5415,2.2669,0,T-H,0.0000,0.0000,1.0410,1.3335,1.3011,5500.0000,32.0000,
4.3-3.8-2.7UV,1.7802,2.5438,2.4942,0,T-H,0.0000,0.0000,1.0750,1.3396,1.3639,5500.0000,32.0000,
4.3-3.8-2.7UV,1.7541,2.4263,2.5971,0,T-H,0.0000,0.0000,1.0412,1.3853,1.3813,5500.0000,32.0000,
4.3-3.8-2.7UV,1.8103,2.2569,2.4661,0,T-H,0.0000,0.0000,1.1009,1.3507,1.3650,5502.0000,32.0000,
4.3-3.8-2.7UV,1.8576,2.1380,2.4990,0,T-H,0.0000,0.0000,1.1047,1.4180,1.4849,5502.0000,32.0000,
4.3-3.8-2.7UV,1.7935,1.9766,2.4634,0,T-H,0.0000,0.0000,1.0622,1.2563,1.4234,5502.0000,32.0000,
4.3-3.8-2.7UV,1.6975,1.7608,2.3467,0,T-H,0.0000,0.0000,1.0356,1.3073,1.3506,5504.0000,32.0000,
4.3-3.8-2.7UV,1.6624,1.7075,2.3371,0,T-H,0.0000,0.0000,1.0122,1.2561,1.4256,5504.0000,32.0000,
4.3-3.8-2.7UV,1.7486,1.4732,2.4956,0,T-H,0.0000,0.0000,0.9773,1.1107,1.4840,5504.0000,32.0000,
4.3-3.8-2.7UV,1.7636,1.3125,2.3874,0,T-H,0.0000,0.0000,0.9468,1.0310,1.5098,5501.0000,32.0000,
4.3-3.8-2.7UV,1.6774,1.3542,2.6669,0,T-H,0.0000,0.0000,0.9218,1.0384,1.5442,5501.0000,32.0000,
4.3-3.8-2.7UV,1.7492,1.3842,2.8014,0,T-H,0.0000,0.0000,0.9354,1.0534,1.6230,5501.0000,32.0000,
4.3-3.8-2.7UV,1.7492,1.5348,3.0119,0,T-H,0.0000,0.0000,0.9354,1.1165,1.6247,5501.0000,32.0000,
4.3-3.8-2.7UV,1.9221,1.5969,2.9938,0,T-H,0.0000,0.0000,1.0665,1.0532,1.5797,5501.0000,32.0000,
4.3-3.8-2.7UV,1.9250,1.6825,2.9938,0,T-H,0.0000,0.0000,1.1000,1.0532,1.5237,5501.0000,32.0000,
4.3-3.8-2.7UV,2.0966,1.9430,2.9892,0,T-H,0.0000,0.0000,1.1450,1.0850,1.6156,5503.0000,32.0000,
4.3-3.8-2.7UV,2.0966,2.2356,3.0600,0,T-H,0.0000,0.0000,1.1912,1.1945,1.6156,5503.0000,32.0000,
4.3-3.8-2.7UV,2.0558,2.2356,3.2346,0,T-H,0.0000,0.0000,1.3098,1.1945,1.6002,5503.0000,32.0000,
4.3-3.8-2.7UV,2.1312,2.5037,3.4043,0,T-H,0.0000,0.0000,1.3182,1.3030,1.6773,5503.0000,32.0000,
4.3-3.8-2.7UV,2.1312,2.5439,3.0555,0,T-H,0.0000,0.0000,1.3803,1.3821,1.5669,5503.0000,32.0000,
4.3-3.8-2.7UV,2.2396,2.7538,3.0284,0,T-H,0.0000,0.0000,1.4668,1.4970,1.5291,5506.0000,32.0000,
4.3-3.8-2.7UV,2.5847,2.9605,2.9778,0,T-H,0.0000,0.0000,1.4691,1.3755,1.4316,5506.0000,32.0000,
4.3-3.8-2.7UV,2.5762,3.1925,3.2379,0,T-H,0.0000,0.0000,1.4047,1.4050,1.6458,5506.0000,32.0000,
4.3-3.8-2.7UV,2.6507,2.9121,3.1406,0,T-H,0.0000,0.0000,1.4047,1.3829,1.6498,5503.0000,32.0000,
4.3-3.8-2.7UV,2.6602,2.6862,3.1406,0,T-H,0.0000,0.0000,1.4636,1.3838,1.6037,5503.0000,32.0000,
4.3-3.8-2.7UV,2.6226,2.5655,3.0566,0,T-H,0.0000,0.0000,1.4038,1.3767,1.6346,5503.0000,32.0000,
4.3-3.8-2.7UV,2.6017,2.7813,3.0054,0,T-H,0.0000,0.0000,1.2681,1.4203,1.6018,5503.0000,32.0000,
4.3-3.8-2.7UV,2.6668,2.7488,3.5524,0,T-H,0.0000,0.0000,1.2642,1.4587,1.8533,5503.0000,32.0000,
4.3-3.8-2.7UV,2.3472,2.7105,3.3947,0,T-H,0.0000,0.0000,1.1545,1.3968,1.7455,5499.0000,32.0000,
4.3-3.8-2.7UV,2.1952,2.6031,3.3947,0,T-H,0.0000,0.0000,1.1545,1.3968,1.7455,5499.0000,32.0000,
4.3-3.8-2.7UV,2.3295,2.3811,3.1475,0,T-H,0.0000,0.0000,1.1545,1.3045,1.6670,5499.0000,32.0000,
4.3-3.8-2.7UV,2.3124,2.3685,3.4436,0,T-H,0.0000,0.0000,1.2344,1.2461,1.7580,5499.0000,32.0000,
4.3-3.8-2.7UV,2.1789,2.3926,3.8197,0,T-H,0.0000,0.0000,1.1559,1.1823,1.8591,5499.0000,32.0000,
4.3-3.8-2.7UV,2.1730,2.4918,3.9007,0,T-H,0.0000,0.0000,1.2557,1.3563,1.9966,5499.0000,32.0000,
4.3-3.8-2.7UV,2.4534,2.4994,4.0915,0,T-H,0.0000,0.0000,1.4000,1.4183,2.0385,5499.0000,32.0000,
4.3-3.8-2.7UV,2.2238,2.3980,3.9964,0,T-H,0.0000,0.0000,1.3793,1.3562,2.0720,5499.0000,32.0000,
4.3-3.8-2.7UV,2.0997,2.5886,4.6047,0,T-H,0.0000,0.0000,1.2709,1.4107,2.4598,5502.0000,32.0000,
4.3-3.8-2.7UV,1.9924,2.5270,4.2909,0,T-H,0.0000,0.0000,1.2644,1.3738,2.3998,5502.0000,32.0000,
4.3-3.8-2.7UV,2.0231,2.5894,4.2351,0,T-H,0.0000,0.0000,1.3564,1.4806,2.3420,5502.0000,32.0000,
4.3-3.8-2.7UV,2.1031,2.3259,4.3975,0,T-H,0.0000,0.0000,1.3532,1.4301,2.4215,5502.0000,32.0000,
4.3-3.8-2.7UV,2.1830,2.2893,3.7251,0,T-H,0.0000,0.0000,1.4319,1.4003,1.9911,5502.0000,32.0000,
4.3-3.8-2.7UV,2.3423,2.0214,4.2590,0,T-H,0.0000,0.0000,1.5092,1.4231,2.3502,5503.0000,32.0000,
4.3-3.8-2.7UV,2.3399,2.1414,4.2005,0,T-H,0.0000,0.0000,1.4715,1.4231,2.1649,5503.0000,32.0000,
4.3-3.8-2.7UV,2.2397,2.2575,4.0175,0,T-H,0.0000,0.0000,1.3934,1.4621,2.1825,5503.0000,32.0000,
4.3-3.8-2.7UV,2.2589,1.5307,2.9959,0,T-H,0.0000,0.0000,1.4550,1.3063,1.6761,5502.0000,32.0000,
4.3-3.8-2.7UV,2.2589,1.5307,2.7231,0,T-H,0.0000,0.0000,1.4804,1.3063,1.6012,5502.0000,32.0000,
4.3-3.8-2.7UV,2.2589,1.4287,2.5206,0,T-H,0.0000,0.0000,1.4804,1.2902,1.5030,5502.0000,32.0000,
4.3-3.8-2.7UV,2.2589,1.4715,2.1066,0,T-H,0.0000,0.0000,1.4540,1.2623,1.4482,5502.0000,32.0000,
4.3-3.8-2.7UV,2.1323,1.4715,2.1066,0,T-H,0.0000,0.0000,1.4257,1.2545,1.4482,5503.0000,32.0000,
4.3-3.8-2.7UV,2.1815,1.7975,2.6400,0,T-H,0.0000,0.0000,1.4497,1.1939,1.6198,5503.0000,32.0000,
4.3-3.8-2.7UV,2.1732,1.7138,2.6454,0,T-H,0.0000,0.0000,1.4710,1.1761,1.5282,5503.0000,32.0000,
4.3-3.8-2.7UV,2.1732,1.7351,3.0432,0,T-H,0.0000,0.0000,1.4750,1.2168,1.6927,5503.0000,32.0000,
4.3-3.8-2.7UV,2.1083,2.2310,2.3742,0,T-H,0.0000,0.0000,1.4769,1.2633,1.5514,5502.0000,32.0000,
4.3-3.8-2.7UV,2.2060,2.2507,2.5702,0,T-H,0.0000,0.0000,1.4414,1.3820,1.5865,5503.0000,32.0000,
4.3-3.8-2.7UV,2.0843,2.2941,2.5245,0,T-H,0.0000,0.0000,1.2354,1.4649,1.5530,5503.0000,32.0000,
4.3-3.8-2.7UV,2.0267,2.4207,2.3386,0,T-H,0.0000,0.0000,1.1852,1.4242,1.5779,5503.0000,32.0000,
4.3-3.8-2.7UV,2.1995,2.0046,2.5314,0,T-H,0.0000,0.0000,1.2716,1.3321,1.5265,5507.0000,32.0000,
4.3-3.8-2.7UV,2.1995,1.9690,2.4750,0,T-H,0.0000,0.0000,1.2716,1.3116,1.4280,5507.0000,32.0000,
4.3-3.8-2.7UV,2.2681,1.8708,2.2464,0,T-H,0.0000,0.0000,1.1770,1.3287,1.3287,5507.0000,32.0000,
4.3-3.8-2.7UV,2.3205,2.0131,2.2464,0,T-H,0.0000,0.0000,1.2403,1.3782,1.4344,5507.0000,32.0000,
4.3-3.8-2.7UV,2.1310,1.8977,2.2648,0,T-H,0.0000,0.0000,1.0710,1.3452,1.3554,5502.0000,32.0000,
4.3-3.8-2.7UV,2.1718,1.8977,2.1504,0,T-H,0.0000,0.0000,1.0977,1.3649,1.2966,5502.0000,32.0000,
4.3-3.8-2.7UV,2.2220,1.8977,2.4144,0,T-H,0.0000,0.0000,1.0187,1.3649,1.2942,5502.0000,32.0000,
4.3-3.8-2.7UV,1.9394,2.0665,2.3781,0,T-H,0.0000,0.0000,1.1082,1.3028,1.2271,5506.0000,32.0000,
4.3-3.8-2.7UV,2.0180,2.0684,2.5276,0,T-H,0.0000,0.0000,1.1861,1.2438,1.2595,5506.0000,32.0000,
4.3-3.8-2.7UV,2.1656,2.1828,2.4513,0,T-H,0.0000,0.0000,1.2746,1.2653,1.2503,5506.0000,32.0000,
4.3-3.8-2.7UV,2.2433,2.3168,2.4760,0,T-H,0.0000,0.0000,1.2746,1.3879,1.2145,5507.0000,32.0000,
4.3-3.8-2.7UV,2.1581,2.2694,2.7268,0,T-H,0.0000,0.0000,1.2408,1.3625,1.2793,5507.0000,32.0000,
4.3-3.8-2.7UV,1.8764,2.3783,2.7056,0,T-H,0.0000,0.0000,1.2033,1.3117,1.1472,5507.0000,32.0000,
4.3-3.8-2.7UV,1.7732,2.5881,2.8092,0,T-H,0.0000,0.0000,1.1475,1.3840,1.2197,5507.0000,32.0000,
4.3-3.8-2.7UV,1.6373,2.3936,2.9701,0,T-H,0.0000,0.0000,1.1475,1.2259,1.2380,5502.0000,32.0000,
4.3-3.8-2.7UV,1.7312,2.3606,2.9916,0,T-H,0.0000,0.0000,1.1868,1.1803,1.3055,5502.0000,32.0000,
4.3-3.8-2.7UV,1.8963,2.3463,2.9572,0,T-H,0.0000,0.0000,1.2872,1.1803,1.2650,5502.0000,32.0000,
4.3-3.8-2.7UV,2.2658,2.6415,2.9502,0,T-H,0.0000,0.0000,1.2500,1.2972,1.4307,5505.0000,32.0000,
4.3-3.8-2.7UV,2.2566,2.7528,3.1707,0,T-H,0.0000,0.0000,1.2282,1.2972,1.4991,5505.0000,32.0000,
4.3-3.8-2.7UV,2.0925,2.3417,2.6471,0,T-H,0.0000,0.0000,1.1295,1.2628,1.3431,5500.0000,32.0000,
4.3-3.8-2.7UV,2.2606,2.4675,2.6471,0,T-H,0.0000,0.0000,1.1718,1.2201,1.4070,5500.0000,32.0000,
4.3-3.8-2.7UV,2.9445,2.4515,2.6325,0,T-H,0.0000,0.0000,1.3605,1.3363,1.4377,5500.0000,32.0000,
4.3-3.8-2.7UV,3.0065,2.7189,2.7715,0,T-H,0.0000,0.0000,1.4063,1.4431,1.5153,5502.0000,32.0000,
4.3-3.8-2.7UV,2.9439,2.9014,2.7715,0,T-H,0.0000,0.0000,1.3335,1.4698,1.5153,5502.0000,32.0000,
4.3-3.8-2.7UV,2.8246,2.9764,2.8586,0,T-H,0.0000,0.0000,1.3615,1.5233,1.5083,5502.0000,32.0000,
4.3-3.8-2.7UV,2.5103,3.1315,2.6676,0,T-H,0.0000,0.0000,1.2595,1.5638,1.5740,5502.0000,32.0000,
4.3-3.8-2.7UV,2.1782,2.6698,2.9200,0,T-H,0.0000,0.0000,1.1065,1.5163,1.4953,5498.0000,32.0000,
4.3-3.8-2.7UV,2.1948,2.3286,2.8130,0,T-H,0.0000,0.0000,1.1566,1.3870,1.5276,5498.0000,32.0000,
4.3-3.8-2.7UV,2.1871,2.3102,2.6628,0,T-H,0.0000,0.0000,1.1426,1.3108,1.4686,5498.0000,32.0000,
4.3-3.8-2.7UV,2.3927,2.3534,2.8991,0,T-H,0.0000,0.0000,1.1934,1.3593,1.5437,5505.0000,32.0000,
4.3-3.8-2.7UV,2.1555,2.3432,2.8991,0,T-H,0.0000,0.0000,1.1760,1.4873,1.5437,5505.0000,32.0000,
4.3-3.8-2.7UV,1.7171,2.4756,2.4457,0,T-H,0.0000,0.0000,1.0017,1.5513,1.4092,5505.0000,32.0000,
4.3-3.8-2.7UV,1.6134,2.1922,2.4298,0,T-H,0.0000,0.0000,1.0255,1.4252,1.3304,5504.0000,32.0000,
4.3-3.8-2.7UV,1.6134,1.9994,2.4298,0,T-H,0.0000,0.0000,1.0687,1.3022,1.3304,5504.0000,32.0000,
4.3-3.8-2.7UV,1.8857,1.8064,2.5614,0,T-H,0.0000,0.0000,1.1490,1.1408,1.4410,5504.0000,32.0000,
4.3-3.8-2.7UV,1.8205,1.8064,2.4202,0,T-H,0.0000,0.0000,1.1443,1.1408,1.4204,5504.0000,32.0000,
4.3-3.8-2.7UV,1.8350,1.8064,2.4466,0,T-H,0.0000,0.0000,1.1423,1.0831,1.4083,5501.0000,32.0000,
4.3-3.8-2.7UV,1.7552,1.6758,2.4466,0,T-H,0.0000,0.0000,1.1820,1.0812,1.4083,5501.0000,32.0000,
4.3-3.8-2.7UV,1.7058,1.6597,2.4020,0,T-H,0.0000,0.0000,1.2144,1.0746,1.4098,5501.0000,32.0000,
4.3-3.8-2.7UV,1.7789,1.7821,2.4042,0,T-H,0.0000,0.0000,1.2801,1.1920,1.3484,5501.0000,32.0000,
4.3-3.8-2.7UV,1.7316,1.8665,2.1946,0,T-H,0.0000,0.0000,1.2447,1.2490,1.2837,5500.0000,32.0000,
4.3-3.8-2.7UV,1.8857,1.8665,2.1946,0,T-H,0.0000,0.0000,1.2393,1.2197,1.2837,5500.0000,32.0000,
4.3-3.8-2.7UV,1.9302,1.8665,2.0985,0,T-H,0.0000,0.0000,1.2922,1.2197,1.2184,5500.0000,32.0000,
4.3-3.8-2.7UV,1.9921,1.7965,2.1552,0,T-H,0.0000,0.0000,1.3029,1.1661,1.2125,5500.0000,32.0000,
4.3-3.8-2.7UV,1.9962,1.8170,2.2667,0,T-H,0.0000,0.0000,1.2550,1.2168,1.4889,5499.0000,32.0000,
4.3-3.8-2.7UV,2.0385,1.9984,2.2266,0,T-H,0.0000,0.0000,1.2550,1.2977,1.4087,5499.0000,32.0000,
4.3-3.8-2.7UV,1.8534,1.8975,2.0622,0,T-H,0.0000,0.0000,1.2075,1.2286,1.1724,5499.0000,32.0000,
4.3-3.8-2.7UV,1.8603,1.8125,1.8400,0,T-H,0.0000,0.0000,1.2166,1.2958,1.1503,5498.0000,32.0000,
4.3-3.8-2.7UV,2.0611,1.9854,1.8400,0,T-H,0.0000,0.0000,1.3058,1.3105,1.1503,5498.0000,32.0000,
4.3-3.8-2.7UV,1.9463,2.1015,1.9908,0,T-H,0.0000,0.0000,1.2552,1.2891,1.1276,5498.0000,32.0000,
4.3-3.8-2.7UV,1.9463,2.4470,1.8668,0,T-H,0.0000,0.0000,1.2552,1.3796,1.0998,5498.0000,32.0000,
4.3-3.8-2.7UV,2.0405,2.4470,2.2598,0,T-H,0.0000,0.0000,1.3557,1.3796,1.2713,5498.0000,32.0000,
4.3-3.8-2.7UV,1.9559,2.3850,2.3846,0,T-H,0.0000,0.0000,1.3441,1.2830,1.2422,5502.0000,32.0000,
4.3-3.8-2.7UV,1.7638,2.0159,2.3714,0,T-H,0.0000,0.0000,1.3171,1.2081,1.2343,5502.0000,32.0000,
4.3-3.8-2.7UV,1.9154,2.0509,2.3904,0,T-H,0.0000,0.0000,1.3519,1.1971,1.2335,5502.0000,32.0000,
4.3-3.8-2.7UV,2.1395,2.2978,2.0152,0,T-H,0.0000,0.0000,1.3135,1.2684,1.1444,5497.0000,32.0000,
4.3-3.8-2.7UV,1.9766,2.6098,1.9206,0,T-H,0.0000,0.0000,1.1685,1.3420,1.1444,5497.0000,32.0000,
4.3-3.8-2.7UV,1.9614,2.5909,1.9646,0,T-H,0.0000,0.0000,1.0570,1.2743,1.2188,5497.0000,32.0000,
4.3-3.8-2.7UV,2.1310,2.3128,2.0063,0,T-H,0.0000,0.0000,1.0745,1.2177,1.2516,5497.0000,32.0000,
4.3-3.8-2.7UV,2.1507,2.4965,2.0460,0,T-H,0.0000,0.0000,1.0834,1.2935,1.1876,5497.0000,32.0000,
4.3-3.8-2.7UV,2.1507,2.4210,2.1149,0,T-H,0.0000,0.0000,1.0834,1.2251,1.1897,5498.0000,32.0000,
4.3-3.8-2.7UV,2.1910,2.5992,2.1149,0,T-H,0.0000,0.0000,1.1353,1.3886,1.3285,5498.0000,32.0000,
4.3-3.8-2.7UV,2.0866,2.3601,2.3319,0,T-H,0.0000,0.0000,1.0829,1.3208,1.4144,5498.0000,32.0000,
4.3-3.8-2.7UV,1.9659,2.1828,2.1130,0,T-H,0.0000,0.0000,1.0756,1.2551,1.2476,5498.0000,32.0000,
4.3-3.8-2.7UV,2.0377,2.0152,1.9446,0,T-H,0.0000,0.0000,1.0703,1.3402,1.2114,5497.0000,32.0000,
4.3-3.8-2.7UV,2.2515,2.0277,2.1576,0,T-H,0.0000,0.0000,1.1178,1.2972,1.2911,5497.0000,32.0000,
4.3-3.8-2.7UV,2.0086,2.2686,2.5912,1,T-H,0.0000,0.0000,1.1100,1.4747,1.4646,5497.0000,32.0000,
4.3-3.8-2.7UV,2.0655,2.0024,2.6314,1,T-H,0.0000,0.0000,1.2053,1.4157,1.5155,5502.0000,32.0000,
4.3-3.8-2.7UV,2.2523,2.0783,2.6416,1,T-H,0.0000,0.0000,1.3007,1.4406,1.6337,5502.0000,32.0000,
4.3-3.8-2.7UV,2.1556,2.4334,2.7989,1,T-H,0.0000,0.0000,1.2657,1.4799,1.8604,5498.0000,32.0000,
4.3-3.8-2.7UV,2.2556,2.2920,2.4970,1,T-H,0.0000,0.0000,1.3202,1.4206,1.7352,5498.0000,32.0000,
4.3-3.8-2.7UV,2.2599,2.4255,2.2299,1,T-H,0.0000,0.0000,1.3233,1.4008,1.6257,5498.0000,32.0000,
4.3-3.8-2.7UV,2.2027,2.2787,2.3167,1,T-H,0.0000,0.0000,1.2756,1.3908,1.6663,5501.0000,32.0000,
4.3-3.8-2.7UV,2.0997,2.7825,2.2591,1,T-H,0.0000,0.0000,1.2593,1.3966,1.6767,5501.0000,32.0000,
4.3-3.8-2.7UV,2.2428,2.4826,2.1496,0,T-H,0.0000,0.0000,1.3592,1.2818,1.6791,5501.0000,32.0000,
4.3-3.8-2.7UV,2.2817,2.2489,2.1351,0,T-H,0.0000,0.0000,1.3229,1.2818,1.6691,5501.0000,32.0000,
4.3-3.8-2.7UV,2.3729,2.1658,2.4077,0,T-H,0.0000,0.0000,1.3359,1.2664,1.6095,5502.0000,32.0000,
4.3-3.8-2.7UV,2.2295,2.0907,2.4077,0,T-H,0.0000,0.0000,1.2767,1.2599,1.6095,5502.0000,32.0000,
4.3-3.8-2.7UV,2.2185,2.1778,2.4912,0,T-H,0.0000,0.0000,1.3651,1.2599,1.5883,5502.0000,32.0000,
4.3-3.8-2.7UV,2.4641,1.7592,2.4417,0,T-H,0.0000,0.0000,1.4265,1.2538,1.3559,5499.0000,32.0000,
4.3-3.8-2.7UV,2.5396,1.7753,2.7007,0,T-H,0.0000,0.0000,1.3982,1.2562,1.4124,5499.0000,32.0000,
4.3-3.8-2.7UV,2.5904,1.7753,2.8589,0,T-H,0.0000,0.0000,1.4482,1.2899,1.4488,5499.0000,32.0000,
4.3-3.8-2.7UV,2.5904,1.8565,2.8589,0,T-H,0.0000,0.0000,1.4773,1.2909,1.4767,5499.0000,32.0000,
4.3-3.8-2.7UV,2.6186,2.0108,3.0570,0,T-H,0.0000,0.0000,1.4553,1.3616,1.5028,5500.0000,32.0000,
4.3-3.8-2.7UV,2.5064,1.8571,3.0279,0,T-H,0.0000,0.0000,1.3926,1.3224,1.4809,5500.0000,32.0000,
4.3-3.8-2.7UV,2.3627,1.9641,2.8821,0,T-H,0.0000,0.0000,1.3977,1.3476,1.3129,5500.0000,32.0000,
4.3-3.8-2.7UV,2.3818,1.8878,2.6639,0,T-H,0.0000,0.0000,1.4406,1.2786,1.1873,5500.0000,32.0000,
4.3-3.8-2.7UV,2.4796,1.9344,2.4378,0,T-H,0.0000,0.0000,1.4488,1.1983,1.1233,5496.0000,32.0000,
4.3-3.8-2.7UV,2.1115,1.9457,2.1938,0,T-H,0.0000,0.0000,1.2412,1.1544,1.1095,5496.0000,32.0000,
4.3-3.8-2.7UV,1.9828,1.7608,2.1670,0,T-H,0.0000,0.0000,1.2412,1.1544,1.0524,5499.0000,32.0000,
4.3-3.8-2.7UV,1.9828,1.7608,2.0477,0,T-H,0.0000,0.0000,1.2322,1.1575,0.9879,5499.0000,32.0000,
4.3-3.8-2.7UV,1.8839,1.8502,1.7917,0,T-H,0.0000,0.0000,1.2131,1.1460,0.9879,5499.0000,32.0000,
4.3-3.8-2.7UV,1.8914,1.7379,1.7095,0,T-H,0.0000,0.0000,1.2059,1.0752,0.9486,5499.0000,32.0000,
4.3-3.8-2.7UV,2.0568,1.7546,1.7848,0,T-H,0.0000,0.0000,1.2284,1.0917,0.8963,5499.0000,32.0000,
4.3-3.8-2.7UV,1.9150,1.7772,1.7428,0,T-H,0.0000,0.0000,1.1961,1.0330,0.8612,5498.0000,32.0000,
4.3-3.8-2.7UV,1.8728,1.9216,1.7428,0,T-H,0.0000,0.0000,1.2140,1.0761,0.8612,5498.0000,32.0000,
4.3-3.8-2.7UV,1.8942,2.0348,1.7737,0,T-H,0.0000,0.0000,1.1594,1.1431,0.9411,5498.0000,32.0000,
4.3-3.8-2.7UV,1.7065,2.3017,1.9891,0,T-H,0.0000,0.0000,1.0886,1.3242,1.0089,5498.0000,32.0000,
4.3-3.8-2.7UV,1.8312,2.4435,2.2210,0,T-H,0.0000,0.0000,1.1420,1.2881,0.9842,5498.0000,32.0000,
4.3-3.8-2.7UV,1.9112,2.4888,2.1270,0,T-H,0.0000,0.0000,1.1925,1.2881,1.0255,5498.0000,32.0000,
4.3-3.8-2.7UV,1.9257,2.7948,2.3989,0,T-H,0.0000,0.0000,1.1925,1.3184,1.1599,5495.0000,32.0000,
4.3-3.8-2.7UV,1.6268,3.2636,2.4287,0,T-H,0.0000,0.0000,1.1297,1.5632,1.1841,5498.0000,32.0000,
4.3-3.8-2.7UV,1.7707,2.9959,2.4287,0,T-H,0.0000,0.0000,1.1289,1.5632,1.1841,5498.0000,32.0000,
4.3-3.8-2.7UV,1.7188,2.8244,2.3206,0,T-H,0.0000,0.0000,1.1289,1.5325,1.1136,5498.0000,32.0000,
4.3-3.8-2.7UV,1.8770,2.5743,2.2005,0,T-H,0.0000,0.0000,1.1861,1.4095,1.1427,5498.0000,32.0000,
4.3-3.8-2.7UV,2.0126,2.5402,1.9830,0,T-H,0.0000,0.0000,1.2338,1.3605,1.0729,5498.0000,32.0000,
4.3-3.8-2.7UV,2.0444,2.5452,2.2590,0,T-H,0.0000,0.0000,1.2053,1.3240,1.1714,5500.0000,32.0000,
4.3-3.8-2.7UV,2.0346,2.4652,2.2590,0,T-H,0.0000,0.0000,1.2464,1.3564,1.1714,5500.0000,32.0000,
4.3-3.8-2.7UV,2.1837,2.5667,2.1495,0,T-H,0.0000,0.0000,1.3095,1.4177,1.2256,5500.0000,32.0000,
4.3-3.8-2.7UV,2.2993,2.3521,2.2134,0,T-H,0.0000,0.0000,1.3548,1.3382,1.2703,5500.0000,32.0000,
4.3-3.8-2.7UV,2.2778,2.3322,2.2190,0,T-H,0.0000,0.0000,1.3191,1.2339,1.2220,5498.0000,32.0000,
4.3-3.8-2.7UV,2.3905,2.0596,2.9808,0,T-H,0.0000,0.0000,1.3751,1.2273,1.4862,5498.0000,32.0000,
4.3-3.8-2.7UV,2.7098,2.0587,2.7274,0,T-H,0.0000,0.0000,1.4728,1.1858,1.5544,5497.0000,32.0000,
4.3-3.8-2.7UV,2.5876,2.1135,3.1584,0,T-H,0.0000,0.0000,1.4845,1.1933,1.6438,5497.0000,32.0000,
4.3-3.8-2.7UV,2.5624,2.2672,3.0910,0,T-H,0.0000,0.0000,1.5020,1.3122,1.5316,5499.0000,32.0000,
4.3-3.8-2.7UV,2.3935,2.2690,3.0910,0,T-H,0.0000,0.0000,1.4511,1.3195,1.5316,5499.0000,32.0000,
4.3-3.8-2.7UV,2.2867,2.4006,3.2194,0,T-H,0.0000,0.0000,1.3560,1.4032,1.5324,5499.0000,32.0000,
4.3-3.8-2.7UV,2.1302,2.7223,3.3314,0,T-H,0.0000,0.0000,1.3506,1.5012,1.5431,5499.0000,32.0000,
4.3-3.8-2.7UV,1.9876,2.5210,3.0739,0,T-H,0.0000,0.0000,1.3300,1.5414,1.6133,5500.0000,32.0000,
4.3-3.8-2.7UV,1.5447,2.7056,2.5742,0,T-H,0.0000,0.0000,1.1897,1.4140,1.4923,5498.0000,32.0000,
4.3-3.8-2.7UV,1.5447,2.5115,2.5541,0,T-H,0.0000,0.0000,1.1821,1.3570,1.4923,5498.0000,32.0000,
4.3-3.8-2.7UV,1.4554,2.3873,2.6608,0,T-H,0.0000,0.0000,1.1209,1.4361,1.5148,5498.0000,32.0000,
4.3-3.8-2.7UV,1.6021,2.3485,2.7754,0,T-H,0.0000,0.0000,1.1533,1.4111,1.5292,5498.0000,32.0000,
4.3-3.8-2.7UV,1.6140,2.2495,2.7263,0,T-H,0.0000,0.0000,1.2101,1.3884,1.5911,5500.0000,32.0000,
4.3-3.8-2.7UV,1.7728,1.9515,2.5938,0,T-H,0.0000,0.0000,1.2649,1.3535,1.5346,5500.0000,32.0000,
4.3-3.8-2.7UV,1.8389,1.9515,2.2280,0,T-H,0.0000,0.0000,1.2367,1.3973,1.4772,5500.0000,32.0000,
4.3-3.8-2.7UV,1.9335,2.0095,2.0873,0,T-H,0.0000,0.0000,1.2367,1.4671,1.4205,5500.0000,32.0000,
4.3-3.8-2.7UV,2.1089,2.2012,2.3267,0,T-H,0.0000,0.0000,1.2369,1.4664,1.3568,5499.0000,32.0000,
4.3-3.8-2.7UV,2.0360,2.1738,2.2876,0,T-H,0.0000,0.0000,1.2871,1.4934,1.3558,5499.0000,32.0000,
4.3-3.8-2.7UV,2.2772,2.1830,2.6750,0,T-H,0.0000,0.0000,1.2871,1.4667,1.4115,5499.0000,32.0000,
4.3-3.8-2.7UV,2.5148,2.1830,2.7046,0,T-H,0.0000,0.0000,1.3442,1.4096,1.4038,5499.0000,32.0000,
4.3-3.8-2.7UV,2.6777,2.2244,2.3940,0,T-H,0.0000,0.0000,1.3316,1.4131,1.3072,5497.0000,32.0000,
4.3-3.8-2.7UV,2.5915,2.4440,2.4237,0,T-H,0.0000,0.0000,1.3003,1.3964,1.3061,5497.0000,32.0000,
4.3-3.8-2.7UV,2.5951,2.3539,2.1077,0,T-H,0.0000,0.0000,1.2732,1.3778,1.3061,5497.0000,32.0000,
4.3-3.8-2.7UV,2.6891,2.3065,1.7916,0,T-H,0.0000,0.0000,1.2640,1.4088,1.2161,5497.0000,32.0000,
4.3-3.8-2.7UV,2.7299,2.2778,1.7376,0,T-H,0.0000,0.0000,1.1940,1.2584,1.1550,5498.0000,32.0000,
4.3-3.8-2.7UV,2.5111,2.2778,1.8265,0,T-H,0.0000,0.0000,1.1940,1.2275,1.1765,5498.0000,32.0000,
4.3-3.8-2.7UV,2.2852,2.2778,1.7081,0,T-H,0.0000,0.0000,1.1930,1.2033,1.2502,5499.0000,32.0000,
4.3-3.8-2.7UV,2.2164,2.0955,1.7081,0,T-H,0.0000,0.0000,1.2476,1.2033,1.2502,5499.0000,32.0000,
4.3-3.8-2.7UV,2.2199,2.1526,1.6209,0,T-H,0.0000,0.0000,1.2081,1.2062,1.2302,5499.0000,32.0000,
4.3-3.8-2.7UV,1.9653,1.8702,1.9722,0,T-H,0.0000,0.0000,1.1312,1.2348,1.3661,5499.0000,32.0000,
4.3-3.8-2.7UV,1.8018,1.8682,1.8492,0,T-H,0.0000,0.0000,1.1038,1.2236,1.3664,5498.0000,32.0000,
4.3-3.8-2.7UV,1.8113,1.8682,1.8492,0,T-H,0.0000,0.0000,1.0890,1.2236,1.3664,5498.0000,32.0000,
4.3-3.8-2.7UV,1.9735,2.0907,1.6363,0,T-H,0.0000,0.0000,1.1729,1.3021,1.1505,5498.0000,32.0000,
4.3-3.8-2.7UV,1.8169,2.2504,2.0067,0,T-H,0.0000,0.0000,1.2131,1.3331,1.3183,5498.0000,32.0000,
4.3-3.8-2.7UV,1.6993,2.1159,2.3318,0,T-H,0.0000,0.0000,1.2371,1.3487,1.4078,5501.0000,32.0000,
4.3-3.8-2.7UV,1.7456,1.9542,2.4872,0,T-H,0.0000,0.0000,1.1919,1.3587,1.4643,5501.0000,32.0000,
4.3-3.8-2.7UV,1.7456,1.9592,2.5890,0,T-H,0.0000,0.0000,1.1229,1.3542,1.4415,5498.0000,32.0000,
4.3-3.8-2.7UV,1.7456,1.9592,2.8058,0,T-H,0.0000,0.0000,1.2016,1.3721,1.4894,5498.0000,32.0000,
4.3-3.8-2.7UV,1.6927,2.0134,2.5716,0,T-H,0.0000,0.0000,1.2084,1.2693,1.4298,5498.0000,32.0000,
4.3-3.8-2.7UV,1.8414,2.1395,2.5606,0,T-H,0.0000,0.0000,1.2464,1.3289,1.4281,5498.0000,32.0000,
4.3-3.8-2.7UV,1.8414,2.1637,2.8958,0,T-H,0.0000,0.0000,1.2464,1.3854,1.5904,5494.0000,32.0000,
4.3-3.8-2.7UV,1.7531,2.0097,2.8958,0,T-H,0.0000,0.0000,1.2374,1.3788,1.5904,5494.0000,32.0000,
4.3-3.8-2.7UV,1.7531,1.9777,2.7392,0,T-H,0.0000,0.0000,1.2374,1.4119,1.5706,5494.0000,32.0000,
4.3-3.8-2.7UV,1.5648,2.0483,3.0744,0,T-H,0.0000,0.0000,1.2105,1.4076,1.6429,5494.0000,32.0000,
4.3-3.8-2.7UV,1.7162,1.8774,2.8339,0,T-H,0.0000,0.0000,1.2412,1.4076,1.6617,5494.0000,32.0000,
4.3-3.8-2.7UV,1.8823,2.1307,2.8323,0,T-H,0.0000,0.0000,1.1759,1.5190,1.7353,5496.0000,32.0000,
4.3-3.8-2.7UV,1.7354,2.1307,3.0774,0,T-H,0.0000,0.0000,1.2558,1.4315,1.7825,5496.0000,32.0000,
4.3-3.8-2.7UV,1.5939,2.1218,3.2430,0,T-H,0.0000,0.0000,1.2292,1.4877,1.7920,5496.0000,32.0000,
4.3-3.8-2.7UV,1.6932,2.1824,3.0457,0,T-H,0.0000,0.0000,1.2358,1.4567,1.7034,5496.0000,32.0000,
4.3-3.8-2.7UV,1.7986,2.0737,2.9629,0,T-H,0.0000,0.0000,1.2692,1.4271,1.6615,5496.0000,32.0000,
4.3-3.8-2.7UV,2.0168,2.0074,2.7746,0,T-H,0.0000,0.0000,1.3109,1.3744,1.5919,5496.0000,32.0000,
4.3-3.8-2.7UV,1.8991,2.0613,2.7792,0,T-H,0.0000,0.0000,1.2544,1.4657,1.5326,5496.0000,32.0000,
4.3-3.8-2.7UV,1.9341,2.0613,2.7421,0,T-H,0.0000,0.0000,1.2956,1.4657,1.5039,5496.0000,32.0000,
4.3-3.8-2.7UV,1.8410,2.1676,2.4814,0,T-H,0.0000,0.0000,1.3136,1.4932,1.3961,5498.0000,32.0000,
4.3-3.8-2.7UV,1.6031,2.2821,2.7613,0,T-H,0.0000,0.0000,1.2436,1.3819,1.4460,5498.0000,32.0000,
4.3-3.8-2.7UV,1.7024,2.1566,2.5131,0,T-H,0.0000,0.0000,1.3358,1.4221,1.2933,5502.0000,32.0000,
4.3-3.8-2.7UV,1.7024,2.1566,2.5131,0,T-H,0.0000,0.0000,1.3351,1.4123,1.2933,5502.0000,32.0000,
4.3-3.8-2.7UV,1.9100,2.2986,2.4114,0,T-H,0.0000,0.0000,1.3040,1.5209,1.2272,5502.0000,32.0000,
4.3-3.8-2.7UV,2.1063,2.3864,2.1556,0,T-H,0.0000,0.0000,1.3950,1.5705,1.2253,5502.0000,32.0000,
4.3-3.8-2.7UV,2.1320,2.4482,2.3298,0,T-H,0.0000,0.0000,1.3711,1.6523,1.1987,5502.0000,32.0000,
4.3-3.8-2.7UV,1.8934,2.6206,2.2399,0,T-H,0.0000,0.0000,1.2307,1.6845,1.3832,5501.0000,32.0000,
4.3-3.8-2.7UV,1.7955,2.7243,2.1283,0,T-H,0.0000,0.0000,1.2236,1.7814,1.3276,5501.0000,32.0000,
4.3-3.8-2.7UV,1.9888,2.6763,2.1302,0,T-H,0.0000,0.0000,1.1880,1.7438,1.3546,5501.0000,32.0000,
4.3-3.8-2.7UV,1.7754,2.7639,2.1347,0,T-H,0.0000,0.0000,1.1418,1.6770,1.3642,5501.0000,32.0000,
4.3-3.8-2.7UV,1.9010,2.7343,2.3539,0,T-H,0.0000,0.0000,1.0858,1.7085,1.3902,5496.0000,32.0000,
4.3-3.8-2.7UV,2.0565,2.7716,2.5142,0,T-H,0.0000,0.0000,1.1294,1.6913,1.4331,5496.0000,32.0000,
4.3-3.8-2.7UV,2.1694,2.9006,2.4678,0,T-H,0.0000,0.0000,1.0875,1.7352,1.3480,5496.0000,32.0000,
4.3-3.8-2.7UV,2.1694,3.0926,2.7030,0,T-H,0.0000,0.0000,1.0875,1.6464,1.4829,5496.0000,32.0000,
4.3-3.8-2.7UV,2.0255,3.1989,2.7030,0,T-H,0.0000,0.0000,1.0816,1.6462,1.4807,5496.0000,32.0000,
4.3-3.8-2.7UV,2.0260,3.0687,2.6447,0,T-H,0.0000,0.0000,1.0889,1.5732,1.4781,5496.0000,32.0000,
4.3-3.8-2.7UV,1.9331,2.9052,2.5756,0,T-H,0.0000,0.0000,0.9912,1.4437,1.5187,5496.0000,32.0000,
4.3-3.8-2.7UV,2.1587,2.8571,2.7859,0,T-H,0.0000,0.0000,1.0809,1.4589,1.4986,5497.0000,32.0000,
4.3-3.8-2.7UV,2.2797,2.8413,2.8973,0,T-H,0.0000,0.0000,1.1204,1.4351,1.4986,5497.0000,32.0000,
4.3-3.8-2.7UV,2.1862,2.6547,3.2787,0,T-H,0.0000,0.0000,1.1048,1.2751,1.6363,5497.0000,32.0000,
4.3-3.8-2.7UV,2.2199,2.4585,3.2421,0,T-H,0.0000,0.0000,1.0957,1.2293,1.6493,5497.0000,32.0000,
4.3-3.8-2.7UV,2.2062,2.3558,3.0800,0,T-H,0.0000,0.0000,1.0831,1.1410,1.6182,5499.0000,32.0000,
4.3-3.8-2.7UV,2.0925,2.1196,3.0800,0,T-H,0.0000,0.0000,1.0638,1.0728,1.6182,5499.0000,32.0000,
4.3-3.8-2.7UV,1.8861,2.0769,2.6182,0,T-H,0.0000,0.0000,1.0429,1.0751,1.4699,5499.0000,32.0000,
4.3-3.8-2.7UV,1.7844,2.0850,2.2992,0,T-H,0.0000,0.0000,1.0642,1.1105,1.3066,5497.0000,32.0000,
4.3-3.8-2.7UV,1.7599,2.0815,2.2364,0,T-H,0.0000,0.0000,1.0372,1.0895,1.3831,5497.0000,32.0000,
4.3-3.8-2.7UV,1.6955,2.0306,2.2291,0,T-H,0.0000,0.0000,1.1207,1.1510,1.2941,5498.0000,32.0000,
4.3-3.8-2.7UV,1.6602,2.2520,2.1600,0,T-H,0.0000,0.0000,1.1468,1.2062,1.2941,5498.0000,32.0000,
4.3-3.8-2.7UV,1.6479,2.5719,2.2186,0,T-H,0.0000,0.0000,1.1755,1.2976,1.2723,5498.0000,32.0000,
4.3-3.8-2.7UV,1.5714,3.0684,2.1386,0,T-H,0.0000,0.0000,1.1609,1.6122,1.2578,5498.0000,32.0000,
4.3-3.8-2.7UV,1.6294,3.3197,2.1449,0,T-H,0.0000,0.0000,1.1768,1.6924,1.2957,5498.0000,32.0000,
4.3-3.8-2.7UV,1.6417,3.2077,2.3048,0,T-H,0.0000,0.0000,1.1768,1.7381,1.3601,5501.0000,32.0000,
4.3-3.8-2.7UV,1.8603,3.2491,2.5175,0,T-H,0.0000,0.0000,1.2601,1.6324,1.5280,5501.0000,32.0000,
4.3-3.8-2.7UV,1.9565,3.3365,2.7653,0,T-H,0.0000,0.0000,1.2837,1.6711,1.6272,5501.0000,32.0000,
4.3-3.8-2.7UV,1.8209,2.7662,2.5428,0,T-H,0.0000,0.0000,1.1450,1.5161,1.6827,5496.0000,32.0000,
4.3-3.8-2.7UV,1.8209,2.6677,2.5428,0,T-H,0.0000,0.0000,1.1450,1.4060,1.6601,5496.0000,32.0000,
4.3-3.8-2.7UV,1.8406,2.9460,2.7910,0,T-H,0.0000,0.0000,1.1735,1.4510,1.6583,5496.0000,32.0000,
4.3-3.8-2.7UV,1.8349,2.9448,2.6911,0,T-H,0.0000,0.0000,1.1893,1.4510,1.6354,5496.0000,32.0000,
4.3-3.8-2.7UV,1.6667,3.0510,3.0265,0,T-H,0.0000,0.0000,1.1450,1.4844,1.6472,5496.0000,32.0000,
4.3-3.8-2.7UV,1.5422,2.8091,3.0160,0,T-H,0.0000,0.0000,1.1249,1.4000,1.6445,5500.0000,32.0000,
4.3-3.8-2.7UV,1.7234,2.5204,3.3715,0,T-H,0.0000,0.0000,1.1193,1.3070,1.7566,5500.0000,32.0000,
4.3-3.8-2.7UV,1.7188,2.3012,3.2377,0,T-H,0.0000,0.0000,1.1559,1.2983,1.6172,5500.0000,32.0000,
4.3-3.8-2.7UV,1.7556,2.3370,2.9910,0,T-H,0.0000,0.0000,1.2444,1.2446,1.5548,5499.0000,32.0000,
4.3-3.8-2.7UV,1.6517,2.2918,2.9910,0,T-H,0.0000,0.0000,1.2000,1.1786,1.5528,5499.0000,32.0000,
4.3-3.8-2.7UV,1.6517,2.1225,2.8237,0,T-H,0.0000,0.0000,1.2000,1.1411,1.4764,5499.0000,32.0000,
4.3-3.8-2.7UV,1.7158,2.2191,2.5875,0,T-H,0.0000,0.0000,1.2410,1.1171,1.3984,5499.0000,32.0000,
4.3-3.8-2.7UV,1.9060,2.3459,2.7971,0,T-H,0.0000,0.0000,1.3542,1.1289,1.4180,5499.0000,32.0000,
4.3-3.8-2.7UV,1.9033,2.4115,2.9954,0,T-H,0.0000,0.0000,1.4257,1.1656,1.4164,5499.0000,32.0000,
4.3-3.8-2.7UV,1.6895,2.2182,2.5517,0,T-H,0.0000,0.0000,1.3538,1.1820,1.2504,5499.0000,32.0000,
4.3-3.8-2.7UV,1.9026,2.0040,2.1831,0,T-H,0.0000,0.0000,1.3397,1.2045,1.2123,5499.0000,32.0000,
4.3-3.8-2.7UV,1.9026,2.0040,2.1831,0,T-H,0.0000,0.0000,1.3459,1.2662,1.2123,5499.0000,32.0000,
4.3-3.8-2.7UV,1.7958,2.0040,2.2436,0,T-H,0.0000,0.0000,1.3455,1.2662,1.2814,5499.0000,32.0000,
4.3-3.8-2.7UV,1.7521,2.1916,1.9991,0,T-H,0.0000,0.0000,1.3011,1.2943,1.2693,5496.0000,32.0000,
4.3-3.8-2.7UV,1.9347,2.0563,1.9991,0,T-H,0.0000,0.0000,1.3975,1.3356,1.2693,5496.0000,32.0000,
4.3-3.8-2.7UV,1.7300,2.1475,1.9576,0,T-H,0.0000,0.0000,1.2703,1.3074,1.1634,5496.0000,32.0000,
4.3-3.8-2.7UV,1.7625,2.1201,1.8222,0,T-H,0.0000,0.0000,1.2162,1.3073,1.1431,5496.0000,32.0000,
4.3-3.8-2.7UV,1.5054,2.1758,1.7202,0,T-H,0.0000,0.0000,1.1331,1.3642,1.1275,5496.0000,32.0000,
4.3-3.8-2.7UV,1.5924,2.1120,1.7533,0,T-H,0.0000,0.0000,1.1320,1.3620,1.1783,5499.0000,32.0000,
4.3-3.8-2.7UV,1.5338,2.1390,1.9658,0,T-H,0.0000,0.0000,1.1242,1.3218,1.3003,5499.0000,32.0000,
4.3-3.8-2.7UV,1.5366,2.2776,2.2659,0,T-H,0.0000,0.0000,1.1319,1.3598,1.3677,5499.0000,32.0000,
4.3-3.8-2.7UV,1.6197,2.3433,2.3377,0,T-H,0.0000,0.0000,1.1056,1.3414,1.3939,5499.0000,32.0000,
4.3-3.8-2.7UV,1.6124,2.3080,2.2180,0,T-H,0.0000,0.0000,1.1655,1.2667,1.3053,5499.0000,32.0000,
4.3-3.8-2.7UV,1.4976,2.2649,2.3554,0,T-H,0.0000,0.0000,1.2044,1.3239,1.2051,5499.0000,32.0000,
4.3-3.8-2.7UV,1.4976,2.2649,2.3554,0,T-H,0.0000,0.0000,1.2044,1.3239,1.2051,5495.0000,32.0000,
4.3-3.8-2.7UV,1.3317,2.2746,2.2316,0,T-H,0.0000,0.0000,1.1321,1.2842,1.1789,5495.0000,32.0000,
4.3-3.8-2.7UV,1.3397,2.3085,2.3854,0,T-H,0.0000,0.0000,1.1110,1.3838,1.3164,5495.0000,32.0000,
4.3-3.8-2.7UV,1.2952,2.1446,2.4067,0,T-H,0.0000,0.0000,1.0912,1.3746,1.3875,5495.0000,32.0000,
4.3-3.8-2.7UV,1.4579,2.0927,2.2208,0,T-H,0.0000,0.0000,1.1254,1.2708,1.3139,5495.0000,32.0000,
4.3-3.8-2.7UV,1.5013,2.2096,2.1025,0,T-H,0.0000,0.0000,1.0942,1.3175,1.2425,5496.0000,32.0000,
4.3-3.8-2.7UV,1.5534,2.2654,2.1025,0,T-H,0.0000,0.0000,1.1202,1.3851,1.2736,5496.0000,32.0000,
4.3-3.8-2.7UV,1.8674,2.1242,1.6714,0,T-H,0.0000,0.0000,1.1271,1.3211,1.1297,5496.0000,32.0000,
4.3-3.8-2.7UV,1.9226,2.1219,1.5293,0,T-H,0.0000,0.0000,1.1815,1.2542,1.1145,5496.0000,32.0000,
4.3-3.8-2.7UV,2.0927,2.0522,1.6768,0,T-H,0.0000,0.0000,1.0936,1.3037,1.2233,5498.0000,32.0000,
4.3-3.8-2.7UV,2.2785,2.0522,1.7547,0,T-H,0.0000,0.0000,1.1299,1.3037,1.2581,5498.0000,32.0000,
4.3-3.8-2.7UV,2.4727,2.0791,1.6394,0,T-H,0.0000,0.0000,1.1412,1.2263,1.1115,5498.0000,32.0000,
4.3-3.8-2.7UV,2.5088,2.2071,1.7325,0,T-H,0.0000,0.0000,1.2090,1.2123,1.1764,5499.0000,32.0000,
4.3-3.8-2.7UV,2.5088,2.2137,1.6754,0,T-H,0.0000,0.0000,1.2311,1.2123,1.1764,5499.0000,32.0000,
4.3-3.8-2.7UV,2.4620,2.3774,1.8707,0,T-H,0.0000,0.0000,1.2436,1.2509,1.2087,5499.0000,32.0000,
4.3-3.8-2.7UV,2.4314,2.2158,1.9560,0,T-H,0.0000,0.0000,1.2630,1.2571,1.2838,5497.0000,32.0000,
4.3-3.8-2.7UV,2.4522,2.4760,2.1803,0,T-H,0.0000,0.0000,1.2630,1.3304,1.3763,5497.0000,32.0000,
4.3-3.8-2.7UV,2.4246,2.3759,2.0690,0,T-H,0.0000,0.0000,1.2786,1.2571,1.3338,5497.0000,32.0000,
4.3-3.8-2.7UV,2.1131,2.5027,2.3252,0,T-H,0.0000,0.0000,1.2714,1.2287,1.3667,5497.0000,32.0000,
4.3-3.8-2.7UV,2.0276,2.6004,2.3462,0,T-H,0.0000,0.0000,1.2822,1.2429,1.3714,5497.0000,32.0000,
4.3-3.8-2.7UV,2.0465,2.7267,2.5006,0,T-H,0.0000,0.0000,1.3186,1.2542,1.4184,5497.0000,32.0000,
4.3-3.8-2.7UV,1.7907,2.5606,2.5542,0,T-H,0.0000,0.0000,1.3003,1.2783,1.5758,5498.0000,32.0000,
4.3-3.8-2.7UV,1.7917,2.5185,2.5542,0,T-H,0.0000,0.0000,1.3005,1.2777,1.5758,5498.0000,32.0000,
4.3-3.8-2.7UV,1.9627,2.2138,3.0194,0,T-H,0.0000,0.0000,1.3575,1.1607,1.6404,5498.0000,32.0000,
4.3-3.8-2.7UV,1.9969,2.3750,3.0888,0,T-H,0.0000,0.0000,1.4124,1.1605,1.6020,5497.0000,32.0000,
4.3-3.8-2.7UV,1.9615,2.5016,3.0888,0,T-H,0.0000,0.0000,1.3552,1.2728,1.6020,5497.0000,32.0000,
4.3-3.8-2.7UV,1.8449,2.3752,2.5402,0,T-H,0.0000,0.0000,1.3707,1.2502,1.5856,5497.0000,32.0000,
4.3-3.8-2.7UV,2.0574,2.4747,3.0589,0,T-H,0.0000,0.0000,1.3414,1.3958,1.8169,5497.0000,32.0000,
4.3-3.8-2.7UV,2.2811,2.1769,3.1301,0,T-H,0.0000,0.0000,1.3123,1.2618,1.7145,5500.0000,32.0000,
4.3-3.8-2.7UV,2.2811,2.0753,2.9027,0,T-H,0.0000,0.0000,1.3166,1.2965,1.7765,5500.0000,32.0000,
4.3-3.8-2.7UV,2.3920,2.2106,2.8719,0,T-H,0.0000,0.0000,1.3256,1.3068,1.7330,5500.0000,32.0000,
4.3-3.8-2.7UV,2.5812,2.0429,2.7142,0,T-H,0.0000,0.0000,1.3673,1.2775,1.6676,5498.0000,32.0000,
4.3-3.8-2.7UV,2.6156,2.2199,2.7142,0,T-H,0.0000,0.0000,1.4434,1.3434,1.6676,5498.0000,32.0000,
4.3-3.8-2.7UV,2.6658,2.5398,2.4784,0,T-H,0.0000,0.0000,1.4904,1.4356,1.6084,5498.0000,32.0000,
4.3-3.8-2.7UV,3.0082,2.7756,2.2448,0,T-H,0.0000,0.0000,1.5272,1.4271,1.4770,5498.0000,32.0000,
4.3-3.8-2.7UV,3.0160,2.7049,2.1327,0,T-H,0.0000,0.0000,1.5121,1.4105,1.4174,5498.0000,32.0000,
4.3-3.8-2.7UV,3.0031,2.6199,2.4268,0,T-H,0.0000,0.0000,1.4387,1.3834,1.4778,6343.0000,32.0000,
4.3-3.8-2.7UV,3.3296,2.4852,2.4889,0,T-H,0.0000,0.0000,1.3735,1.2665,1.4440,6343.0000,32.0000,
4.3-3.8-2.7UV,3.5414,2.5063,2.2484,0,T-H,0.0000,0.0000,1.4603,1.2444,1.3711,6343.0000,32.0000,
4.3-3.8-2.7UV,3.2604,2.4885,2.2175,0,T-H,0.0000,0.0000,1.3860,1.2249,1.4122,6571.0000,32.0000,
4.3-3.8-2.7UV,3.2800,2.5869,2.2175,0,T-H,0.0000,0.0000,1.3963,1.1915,1.4122,6571.0000,32.0000,
4.3-3.8-2.7UV,3.4390,2.4258,2.1109,0,T-H,0.0000,0.0000,1.4766,1.1509,1.3776,6571.0000,32.0000,
4.3-3.8-2.7UV,3.2530,2.5595,1.9990,0,T-H,0.0000,0.0000,1.3992,1.2043,1.2700,6571.0000,32.0000,
4.3-3.8-2.7UV,3.2781,2.3049,2.1163,0,T-H,0.0000,0.0000,1.4227,1.1059,1.2602,6571.0000,32.0000,
4.3-3.8-2.7UV,3.0485,2.3821,2.1798,0,T-H,0.0000,0.0000,1.2668,1.1793,1.2536,6623.0000,32.0000,
4.3-3.8-2.7UV,3.0485,2.3655,2.1798,0,T-H,0.0000,0.0000,1.2668,1.1793,1.2536,6623.0000,32.0000,
4.3-3.8-2.7UV,2.9558,2.1112,1.9403,0,T-H,0.0000,0.0000,1.1349,1.2566,1.1701,6623.0000,32.0000,
4.3-3.8-2.7UV,3.0746,1.9979,1.6494,0,T-H,0.0000,0.0000,1.3753,1.2471,1.1199,6616.0000,32.0000,
4.3-3.8-2.7UV,3.1768,1.9767,1.6652,0,T-H,0.0000,0.0000,1.4612,1.2252,1.0883,6616.0000,32.0000,
4.3-3.8-2.7UV,3.3364,1.8807,1.6168,0,T-H,0.0000,0.0000,1.4374,1.2300,1.0597,6616.0000,32.0000,
4.3-3.8-2.7UV,3.5327,1.8807,1.5748,0,T-H,0.0000,0.0000,1.6045,1.2265,1.1456,6616.0000,32.0000,
4.3-3.8-2.7UV,3.7191,1.9657,1.4473,0,T-H,0.0000,0.0000,1.7250,1.2042,1.1157,6186.0000,32.0000,
4.3-3.8-2.7UV,4.0823,2.0550,1.4521,0,T-H,0.0000,0.0000,1.9689,1.3429,1.1173,6186.0000,32.0000,
4.3-3.8-2.7UV,3.9973,1.9347,1.5280,0,T-H,0.0000,0.0000,2.0334,1.3071,1.1000,6186.0000,32.0000,
4.3-3.8-2.7UV,4.5375,2.2099,1.5818,0,T-H,0.0000,0.0000,2.1269,1.3883,1.2024,6175.0000,32.0000,
4.3-3.8-2.7UV,4.3918,2.3482,1.5038,0,T-H,0.0000,0.0000,2.2185,1.3892,1.1764,6175.0000,32.0000,
4.3-3.8-2.7UV,4.2536,2.1710,1.5707,0,T-H,0.0000,0.0000,2.4923,1.3707,1.2075,6175.0000,32.0000,
4.3-3.8-2.7UV,4.0463,2.1405,1.3358,0,T-H,0.0000,0.0000,2.3328,1.3153,1.0622,6171.0000,32.0000,
4.3-3.8-2.7UV,4.0929,2.5891,1.3630,0,T-H,0.0000,0.0000,2.2110,1.3786,1.0304,6171.0000,32.0000,
4.3-3.8-2.7UV,4.0581,2.3245,1.3652,0,T-H,0.0000,0.0000,2.2020,1.2760,0.9795,6171.0000,32.0000,
4.3-3.8-2.7UV,3.9623,2.2044,1.3652,0,T-H,0.0000,0.0000,2.1303,1.2637,0.9055,6126.0000,32.0000,
4.3-3.8-2.7UV,3.0277,2.1325,1.6270,0,T-H,0.0000,0.0000,1.7188,1.2361,0.9969,6126.0000,32.0000,
4.3-3.8-2.7UV,3.5496,1.8881,1.6203,0,T-H,0.0000,0.0000,1.8293,1.1663,1.0092,6116.0000,32.0000,
4.3-3.8-2.7UV,3.4829,1.8881,1.6203,0,T-H,0.0000,0.0000,1.7373,1.1431,1.0092,6116.0000,32.0000,
4.3-3.8-2.7UV,3.7122,1.8695,1.8374,0,T-H,0.0000,0.0000,1.7029,1.1785,1.0698,6116.0000,32.0000,
4.3-3.8-2.7UV,3.8748,1.8914,2.1326,0,T-H,0.0000,0.0000,1.7605,1.2276,1.1587,6116.0000,32.0000,
4.3-3.8-2.7UV,3.5890,1.8100,2.2526,0,T-H,0.0000,0.0000,1.6759,1.2097,1.2419,6113.0000,32.0000,
4.3-3.8-2.7UV,3.0070,1.8352,2.4158,0,T-H,0.0000,0.0000,1.5581,1.2545,1.3272,6113.0000,32.0000,
4.3-3.8-2.7UV,3.2892,1.9040,2.5630,0,T-H,0.0000,0.0000,1.6645,1.3048,1.3503,6082.0000,32.0000,
4.3-3.8-2.7UV,3.1676,1.9984,2.5630,0,T-H,0.0000,0.0000,1.6510,1.3076,1.3503,6082.0000,32.0000,
4.3-3.8-2.7UV,3.4730,1.9743,2.4950,0,T-H,0.0000,0.0000,1.7134,1.3301,1.2769,6082.0000,32.0000,
4.3-3.8-2.7UV,3.4730,2.0917,2.4594,0,T-H,0.0000,0.0000,1.7134,1.3301,1.2259,6082.0000,32.0000,
4.3-3.8-2.7UV,3.4601,2.0765,2.4288,0,T-H,0.0000,0.0000,1.7134,1.3822,1.2491,6082.0000,32.0000,
4.3-3.8-2.7UV,3.1967,2.1325,2.3494,0,T-H,0.0000,0.0000,1.6822,1.4349,1.2250,5500.0000,32.0000,
4.3-3.8-2.7UV,3.0846,2.0856,2.2596,0,T-H,0.0000,0.0000,1.7905,1.4571,1.2418,5500.0000,32.0000,
4.3-3.8-2.7UV,2.9625,1.8334,2.1793,0,T-H,0.0000,0.0000,1.7024,1.4596,1.2017,5500.0000,32.0000,
4.3-3.8-2.7UV,2.9619,1.8619,2.0945,0,T-H,0.0000,0.0000,1.6649,1.3897,1.2980,5500.0000,32.0000,
4.3-3.8-2.7UV,2.9556,1.8619,2.1039,0,T-H,0.0000,0.0000,1.6342,1.4317,1.2407,5500.0000,32.0000,
4.3-3.8-2.7UV,2.8054,1.9804,2.1039,0,T-H,0.0000,0.0000,1.6340,1.4589,1.2407,5500.0000,32.0000,
4.3-3.8-2.7UV,2.8236,1.9577,2.1689,0,T-H,0.0000,0.0000,1.6858,1.4828,1.2871,5500.0000,32.0000,
4.3-3.8-2.7UV,2.5203,2.1166,2.0392,0,T-H,0.0000,0.0000,1.5997,1.4704,1.2500,5500.0000,32.0000,
4.3-3.8-2.7UV,2.3077,2.0392,1.9756,0,T-H,0.0000,0.0000,1.5653,1.3887,1.3681,5498.0000,32.0000,
4.3-3.8-2.7UV,2.1646,1.9779,2.3077,0,T-H,0.0000,0.0000,1.5653,1.3051,1.5368,5498.0000,32.0000,
4.3-3.8-2.7UV,1.9469,2.0729,2.1271,0,T-H,0.0000,0.0000,1.4961,1.3272,1.6050,5498.0000,32.0000,
4.3-3.8-2.7UV,2.0611,1.9631,2.0521,0,T-H,0.0000,0.0000,1.5562,1.2261,1.5280,5500.0000,32.0000,
4.3-3.8-2.7UV,2.1205,2.0349,1.9975,0,T-H,0.0000,0.0000,1.5645,1.2461,1.5402,5500.0000,32.0000,
4.3-3.8-2.7UV,1.9824,2.2103,1.8609,0,T-H,0.0000,0.0000,1.5467,1.2480,1.5018,5500.0000,32.0000,
4.3-3.8-2.7UV,2.0292,2.2103,2.1376,0,T-H,0.0000,0.0000,1.6257,1.3040,1.4864,5500.0000,32.0000,
4.3-3.8-2.7UV,1.8784,2.2103,2.1174,0,T-H,0.0000,0.0000,1.5946,1.2355,1.5307,5500.0000,32.0000,
4.3-3.8-2.7UV,1.7904,2.2436,2.1174,0,T-H,0.0000,0.0000,1.5036,1.2064,1.5307,5500.0000,32.0000,
4.3-3.8-2.7UV,1.9748,2.0167,2.2386,0,T-H,0.0000,0.0000,1.4277,1.0972,1.5278,5498.0000,32.0000,
4.3-3.8-2.7UV,1.9506,2.0167,2.2386,0,T-H,0.0000,0.0000,1.3860,1.0697,1.5278,5498.0000,32.0000,
4.3-3.8-2.7UV,2.0034,1.7874,2.2550,0,T-H,0.0000,0.0000,1.3142,1.0758,1.4816,5498.0000,32.0000,
4.3-3.8-2.7UV,2.0611,2.0151,2.6330,0,T-H,0.0000,0.0000,1.2556,1.0624,1.5704,5501.0000,32.0000,
4.3-3.8-2.7UV,1.9494,1.9997,2.3489,0,T-H,0.0000,0.0000,1.2289,1.0496,1.4732,5501.0000,32.0000,
4.3-3.8-2.7UV,1.8404,1.8438,2.6009,0,T-H,0.0000,0.0000,1.1558,0.9915,1.5422,5501.0000,32.0000,
4.3-3.8-2.7UV,2.0028,1.7487,2.6475,0,T-H,0.0000,0.0000,1.1564,0.9915,1.6295,5501.0000,32.0000,
4.3-3.8-2.7UV,1.8458,1.5503,2.5491,0,T-H,0.0000,0.0000,1.1564,0.9809,1.5345,5501.0000,32.0000,
4.3-3.8-2.7UV,1.8193,1.5503,2.5484,0,T-H,0.0000,0.0000,1.1422,1.0197,1.5314,5499.0000,32.0000,
4.3-3.8-2.7UV,1.8242,1.5503,2.3715,0,T-H,0.0000,0.0000,1.1422,1.0279,1.4963,5499.0000,32.0000,
4.3-3.8-2.7UV,1.9407,1.5520,2.1586,0,T-H,0.0000,0.0000,1.1399,0.9650,1.3950,5499.0000,32.0000,
4.3-3.8-2.7UV,1.9166,1.8328,2.3381,0,T-H,0.0000,0.0000,1.0939,1.0325,1.3522,5499.0000,32.0000,
4.3-3.8-2.7UV,1.8235,2.1146,2.0807,0,T-H,0.0000,0.0000,1.0286,1.1751,1.2033,5500.0000,32.0000,
4.3-3.8-2.7UV,1.9976,2.2115,2.1577,0,T-H,0.0000,0.0000,1.0326,1.2582,1.2895,5500.0000,32.0000,
4.3-3.8-2.7UV,1.9874,2.1358,2.3054,0,T-H,0.0000,0.0000,1.0450,1.1786,1.2526,5500.0000,32.0000,
4.3-3.8-2.7UV,1.8149,2.2074,2.1062,0,T-H,0.0000,0.0000,1.0091,1.2773,1.1353,5503.0000,32.0000,
4.3-3.8-2.7UV,1.8969,2.3143,2.2697,0,T-H,0.0000,0.0000,1.0661,1.3291,1.1953,5503.0000,32.0000,
4.3-3.8-2.7UV,1.9144,2.4060,1.9445,0,T-H,0.0000,0.0000,1.0660,1.2994,0.9691,5503.0000,32.0000,
4.3-3.8-2.7UV,1.9457,2.3103,1.9017,0,T-H,0.0000,0.0000,1.0392,1.1834,0.9405,5503.0000,32.0000,
4.3-3.8-2.7UV,1.7622,2.0225,1.8697,0,T-H,0.0000,0.0000,1.0609,1.2049,0.9925,5503.0000,32.0000,
4.3-3.8-2.7UV,1.6255,1.8906,2.0796,0,T-H,0.0000,0.0000,1.0839,1.1308,1.0366,5502.0000,32.0000,
4.3-3.8-2.7UV,1.6619,1.8078,2.0796,0,T-H,0.0000,0.0000,1.0753,1.0748,1.0366,5502.0000,32.0000,
4.3-3.8-2.7UV,1.5629,1.7607,2.2409,0,T-H,0.0000,0.0000,1.0175,1.0530,1.0455,5502.0000,32.0000,
4.3-3.8-2.7UV,1.5629,1.7919,2.1389,0,T-H,0.0000,0.0000,1.0417,1.0530,0.9852,5502.0000,32.0000,
4.3-3.8-2.7UV,1.5940,1.9415,1.8182,0,T-H,0.0000,0.0000,0.9861,1.0914,1.0213,5501.0000,32.0000,
4.3-3.8-2.7UV,1.5940,1.9248,1.8182,0,T-H,0.0000,0.0000,0.9646,1.0425,1.0213,5501.0000,32.0000,
4.3-3.8-2.7UV,1.5542,1.9634,1.9752,0,T-H,0.0000,0.0000,0.9027,1.0576,1.1115,5501.0000,32.0000,
4.3-3.8-2.7UV,1.6130,2.0388,2.1140,0,T-H,0.0000,0.0000,0.8629,1.0429,1.1334,5498.0000,32.0000,
4.3-3.8-2.7UV,1.6458,1.8976,1.8266,0,T-H,0.0000,0.0000,0.9060,1.0026,1.1425,5498.0000,32.0000,
4.3-3.8-2.7UV,1.7009,1.8854,1.8804,0,T-H,0.0000,0.0000,0.9123,0.9331,1.1728,5498.0000,32.0000,
4.3-3.8-2.7UV,2.0696,2.3523,2.0143,0,T-H,0.0000,0.0000,0.9765,1.0597,1.1368,5504.0000,32.0000,
4.3-3.8-2.7UV,2.0226,2.5633,2.0143,0,T-H,0.0000,0.0000,0.9970,1.1482,1.1948,5504.0000,32.0000,
4.3-3.8-2.7UV,1.9503,2.5633,2.0940,0,T-H,0.0000,0.0000,0.9490,1.1147,1.2312,5504.0000,32.0000,
4.3-3.8-2.7UV,2.1364,2.5445,2.6381,0,T-H,0.0000,0.0000,1.0730,1.1171,1.3593,5501.0000,32.0000,
4.3-3.8-2.7UV,2.0419,2.5607,2.6381,0,T-H,0.0000,0.0000,1.0969,1.1433,1.4598,5501.0000,32.0000,
4.3-3.8-2.7UV,2.0205,2.6825,3.2090,0,T-H,0.0000,0.0000,1.1727,1.1716,1.7539,5501.0000,32.0000,
4.3-3.8-2.7UV,1.9669,2.7259,3.0206,0,T-H,0.0000,0.0000,1.1810,1.2167,1.6765,5502.0000,32.0000,
4.3-3.8-2.7UV,2.0405,2.9085,3.2995,0,T-H,0.0000,0.0000,1.1994,1.2167,1.6765,5502.0000,32.0000,
4.3-3.8-2.7UV,2.0225,2.8750,3.6242,0,T-H,0.0000,0.0000,1.1994,1.2111,1.6112,5502.0000,32.0000,
4.3-3.8-2.7UV,1.9384,2.8367,3.8326,0,T-H,0.0000,0.0000,1.1879,1.2950,1.6716,5502.0000,32.0000,
4.3-3.8-2.7UV,1.8156,2.7582,3.8149,0,T-H,0.0000,0.0000,1.2196,1.2545,1.8498,5504.0000,32.0000,
4.3-3.8-2.7UV,1.7976,2.6014,3.3799,0,T-H,0.0000,0.0000,1.2962,1.2908,1.8054,5504.0000,32.0000,
4.3-3.8-2.7UV,1.7797,2.5876,3.3172,0,T-H,0.0000,0.0000,1.2468,1.2708,1.7056,5501.0000,32.0000,
4.3-3.8-2.7UV,1.9004,2.4637,3.3172,0,T-H,0.0000,0.0000,1.2715,1.2412,1.7056,5501.0000,32.0000,
4.3-3.8-2.7UV,1.9423,2.3622,3.0487,0,T-H,0.0000,0.0000,1.2702,1.1872,1.5994,5501.0000,32.0000,
4.3-3.8-2.7UV,1.9420,2.2731,2.9659,0,T-H,0.0000,0.0000,1.2335,1.1620,1.5607,5502.0000,32.0000,
4.3-3.8-2.7UV,1.9420,2.2731,2.9659,0,T-H,0.0000,0.0000,1.2314,1.1556,1.5607,5502.0000,32.0000,
4.3-3.8-2.7UV,1.8740,2.5083,2.9659,0,T-H,0.0000,0.0000,1.1871,1.1878,1.5756,5502.0000,32.0000,
4.3-3.8-2.7UV,1.7329,2.4353,3.0339,0,T-H,0.0000,0.0000,1.1454,1.1379,1.4983,5502.0000,32.0000,
4.3-3.8-2.7UV,1.9527,2.2690,2.9371,0,T-H,0.0000,0.0000,1.2105,1.1011,1.4826,5505.0000,32.0000,
4.3-3.8-2.7UV,1.9527,2.2690,3.0169,0,T-H,0.0000,0.0000,1.1760,1.0951,1.4826,5505.0000,32.0000,
4.3-3.8-2.7UV,2.1038,2.1692,2.7768,0,T-H,0.0000,0.0000,1.1858,0.9602,1.4726,5505.0000,32.0000,
4.3-3.8-2.7UV,2.2092,2.1692,2.8024,0,T-H,0.0000,0.0000,1.1467,0.9602,1.4837,5501.0000,32.0000,
4.3-3.8-2.7UV,2.2092,2.3810,2.6729,0,T-H,0.0000,0.0000,1.1467,1.0520,1.4837,5501.0000,32.0000,
4.3-3.8-2.7UV,2.0864,2.6814,2.8548,0,T-H,0.0000,0.0000,1.1906,1.1050,1.5243,5501.0000,32.0000,
4.3-3.8-2.7UV,2.0814,2.7549,2.9096,0,T-H,0.0000,0.0000,1.1815,1.1088,1.6491,5503.0000,32.0000,
4.3-3.8-2.7UV,2.0814,2.7732,2.9096,0,T-H,0.0000,0.0000,1.1815,1.0955,1.6247,5503.0000,32.0000,
4.3-3.8-2.7UV,2.1932,2.6659,2.8059,0,T-H,0.0000,0.0000,1.2199,1.0869,1.6247,5503.0000,32.0000,
4.3-3.8-2.7UV,2.2025,2.6389,2.6290,0,T-H,0.0000,0.0000,1.3227,1.1459,1.5746,5503.0000,32.0000,
4.3-3.8-2.7UV,2.4380,2.6243,2.3935,0,T-H,0.0000,0.0000,1.2780,1.1033,1.4356,5503.0000,32.0000,
4.3-3.8-2.7UV,2.3715,2.5246,2.3935,0,T-H,0.0000,0.0000,1.3213,1.1033,1.4356,5504.0000,32.0000,
4.3-3.8-2.7UV,2.2919,2.5635,2.5772,0,T-H,0.0000,0.0000,1.3409,1.1661,1.5220,5504.0000,32.0000,
4.3-3.8-2.7UV,2.0437,2.1450,2.4068,0,T-H,0.0000,0.0000,1.2287,1.1352,1.5253,5505.0000,32.0000,
4.3-3.8-2.7UV,2.0377,2.1254,2.5586,0,T-H,0.0000,0.0000,1.2287,1.1174,1.5253,5505.0000,32.0000,
4.3-3.8-2.7UV,2.3040,2.1254,2.4052,0,T-H,0.0000,0.0000,1.2496,1.1012,1.5247,5505.0000,32.0000,
4.3-3.8-2.7UV,2.2145,2.1043,2.1691,0,T-H,0.0000,0.0000,1.2548,1.0901,1.3689,5506.0000,32.0000,
4.3-3.8-2.7UV,2.2145,1.9716,2.0815,0,T-H,0.0000,0.0000,1.2603,1.0930,1.3077,5506.0000,32.0000,
4.3-3.8-2.7UV,2.0451,2.0808,2.9233,0,T-H,0.0000,0.0000,1.2173,1.1709,1.7769,5501.0000,32.0000,
4.3-3.8-2.7UV,1.8053,1.9741,2.7692,0,T-H,0.0000,0.0000,1.2276,1.1459,1.6762,5501.0000,32.0000,
4.3-3.8-2.7UV,1.8534,2.1222,2.8212,0,T-H,0.0000,0.0000,1.2475,1.1854,1.6961,5501.0000,32.0000,
4.3-3.8-2.7UV,1.8842,2.2367,2.3553,0,T-H,0.0000,0.0000,1.3213,1.2574,1.5240,5501.0000,32.0000,
4.3-3.8-2.7UV,1.8480,2.0989,2.1043,0,T-H,0.0000,0.0000,1.3685,1.1962,1.2357,5501.0000,32.0000,
4.3-3.8-2.7UV,1.7641,2.1427,2.3701,0,T-H,0.0000,0.0000,1.3744,1.1921,1.2704,5503.0000,32.0000,
4.3-3.8-2.7UV,1.7641,2.2120,2.4559,0,T-H,0.0000,0.0000,1.3744,1.1837,1.2612,5503.0000,32.0000,
4.3-3.8-2.7UV,1.9201,2.2879,2.3259,0,T-H,0.0000,0.0000,1.3814,1.1820,1.1923,5503.0000,32.0000,
4.3-3.8-2.7UV,1.7405,2.2988,1.7357,0,T-H,0.0000,0.0000,1.2959,1.1229,0.9994,5500.0000,32.0000,
4.3-3.8-2.7UV,1.7405,2.2135,1.7357,0,T-H,0.0000,0.0000,1.2890,1.0623,0.9994,5500.0000,32.0000,
4.3-3.8-2.7UV,1.8440,2.2541,1.6710,0,T-H,0.0000,0.0000,1.2181,1.0815,1.0472,5500.0000,32.0000,
4.3-3.8-2.7UV,2.1417,2.2969,1.8085,0,T-H,0.0000,0.0000,1.2939,1.0815,1.0406,5500.0000,32.0000,
4.3-3.8-2.7UV,2.3585,2.3433,1.9406,0,T-H,0.0000,0.0000,1.3159,1.0996,1.0809,5502.0000,32.0000,
4.3-3.8-2.7UV,2.2005,2.3300,2.0709,0,T-H,0.0000,0.0000,1.2483,1.0939,1.2144,5502.0000,32.0000,
4.3-3.8-2.7UV,2.1382,2.3932,2.2124,0,T-H,0.0000,0.0000,1.1960,1.1323,1.1989,5502.0000,32.0000,
4.3-3.8-2.7UV,2.0929,2.4614,2.0689,0,T-H,0.0000,0.0000,1.1479,1.2168,1.2090,5501.0000,32.0000,
4.3-3.8-2.7UV,2.0820,2.0870,2.3710,0,T-H,0.0000,0.0000,1.0265,1.2202,1.3786,5501.0000,32.0000,
4.3-3.8-2.7UV,2.3994,2.0899,2.6316,0,T-H,0.0000,0.0000,1.1018,1.2901,1.4925,5501.0000,32.0000,
4.3-3.8-2.7UV,2.5600,2.0348,2.9888,0,T-H,0.0000,0.0000,1.2042,1.2848,1.6132,5502.0000,32.0000,
4.3-3.8-2.7UV,2.3466,2.1765,3.0346,0,T-H,0.0000,0.0000,1.2509,1.2942,1.6042,5502.0000,32.0000,
4.3-3.8-2.7UV,1.9750,2.0831,3.1961,0,T-H,0.0000,0.0000,1.1425,1.3632,1.6548,5502.0000,32.0000,
4.3-3.8-2.7UV,2.2182,1.8627,3.0144,0,T-H,0.0000,0.0000,1.2400,1.1844,1.5807,5503.0000,32.0000,
4.3-3.8-2.7UV,2.1921,1.7752,3.0096,0,T-H,0.0000,0.0000,1.2812,1.1353,1.5820,5503.0000,32.0000,
4.3-3.8-2.7UV,2.2034,1.6220,3.1028,0,T-H,0.0000,0.0000,1.3277,1.1065,1.6278,5503.0000,32.0000,
4.3-3.8-2.7UV,2.2279,1.7671,3.0633,0,T-H,0.0000,0.0000,1.4071,1.0757,1.5945,5501.0000,32.0000,
4.3-3.8-2.7UV,2.0804,1.9882,2.8071,0,T-H,0.0000,0.0000,1.3414,1.1627,1.4692,5501.0000,32.0000,
4.3-3.8-2.7UV,2.3118,1.9882,2.6406,0,T-H,0.0000,0.0000,1.4101,1.1627,1.4066,5501.0000,32.0000,
4.3-3.8-2.7UV,2.2142,1.8235,2.1753,0,T-H,0.0000,0.0000,1.3834,1.0678,1.2890,5499.0000,32.0000,
4.3-3.8-2.7UV,2.5049,1.9459,2.2608,0,T-H,0.0000,0.0000,1.4082,1.0890,1.2913,5499.0000,32.0000,
4.3-3.8-2.7UV,2.6480,2.0412,2.1395,0,T-H,0.0000,0.0000,1.4082,1.1324,1.2979,5499.0000,32.0000,
4.3-3.8-2.7UV,2.5977,2.2452,2.5190,0,T-H,0.0000,0.0000,1.3635,1.3186,1.5318,5499.0000,32.0000,
4.3-3.8-2.7UV,2.4619,2.3223,2.2205,0,T-H,0.0000,0.0000,1.3410,1.3293,1.4857,5499.0000,32.0000,
4.3-3.8-2.7UV,2.2448,2.2953,2.4058,0,T-H,0.0000,0.0000,1.2883,1.3391,1.5734,5500.0000,32.0000,
4.3-3.8-2.7UV,2.4180,2.2253,2.4045,0,T-H,0.0000,0.0000,1.3293,1.2533,1.5880,5500.0000,32.0000,
4.3-3.8-2.7UV,2.4805,2.5026,2.5563,0,T-H,0.0000,0.0000,1.2848,1.2723,1.6204,5500.0000,32.0000,
4.3-3.8-2.7UV,2.3676,2.3544,2.6067,0,T-H,0.0000,0.0000,1.2166,1.3028,1.5704,5501.0000,32.0000,
4.3-3.8-2.7UV,2.3414,2.5057,2.6067,0,T-H,0.0000,0.0000,1.2807,1.3922,1.5704,5501.0000,32.0000,
4.3-3.8-2.7UV,2.2034,2.5232,2.3728,0,T-H,0.0000,0.0000,1.3028,1.2826,1.4636,5501.0000,32.0000,
4.3-3.8-2.7UV,2.2572,2.4342,2.5281,0,T-H,0.0000,0.0000,1.3272,1.2608,1.5024,5501.0000,32.0000,
4.3-3.8-2.7UV,1.9715,2.6794,2.4421,0,T-H,0.0000,0.0000,1.3386,1.2945,1.5556,5503.0000,32.0000,
4.3-3.8-2.7UV,2.0895,2.5015,1.9579,0,T-H,0.0000,0.0000,1.2832,1.1480,1.3865,5503.0000,32.0000,
4.3-3.8-2.7UV,2.0366,2.7643,1.9333,0,T-H,0.0000,0.0000,1.1661,1.2256,1.4580,5503.0000,32.0000,
4.3-3.8-2.7UV,2.0709,2.8071,1.9333,0,T-H,0.0000,0.0000,1.2144,1.2099,1.4580,5503.0000,32.0000,
4.3-3.8-2.7UV,1.8227,2.6986,1.9262,0,T-H,0.0000,0.0000,1.0642,1.1389,1.3721,5503.0000,32.0000,
4.3-3.8-2.7UV,1.8868,2.4471,2.1342,0,T-H,0.0000,0.0000,1.0788,1.1004,1.4210,5503.0000,32.0000,
4.3-3.8-2.7UV,1.9698,2.4649,2.0395,0,T-H,0.0000,0.0000,1.1373,1.0993,1.4381,5502.0000,32.0000,
4.3-3.8-2.7UV,2.0107,2.3678,2.0395,0,T-H,0.0000,0.0000,1.1373,1.0850,1.4381,5502.0000,32.0000,
4.3-3.8-2.7UV,2.0370,2.5801,2.1347,0,T-H,0.0000,0.0000,1.1619,1.0740,1.4817,5502.0000,32.0000,
4.3-3.8-2.7UV,1.9901,2.4956,2.2020,0,T-H,0.0000,0.0000,1.1289,1.1251,1.2716,5499.0000,32.0000,
4.3-3.8-2.7UV,2.1969,2.5610,2.1432,0,T-H,0.0000,0.0000,1.2024,1.1961,1.3307,5499.0000,32.0000,
4.3-3.8-2.7UV,2.2479,2.4089,2.2895,0,T-H,0.0000,0.0000,1.3186,1.2354,1.3303,5499.0000,32.0000,
4.3-3.8-2.7UV,2.2874,2.4965,2.1286,0,T-H,0.0000,0.0000,1.6133,1.3053,1.0837,5503.0000,32.0000,
4.3-3.8-2.7UV,2.3871,2.7294,2.3533,0,T-H,0.0000,0.0000,1.6276,1.5349,1.2507,5503.0000,32.0000,
4.3-3.8-2.7UV,1.9289,2.9611,2.6955,0,T-H,0.0000,0.0000,1.5484,1.7112,1.4814,5502.0000,32.0000,
4.3-3.8-2.7UV,1.9042,2.8611,2.4073,0,T-H,0.0000,0.0000,1.4980,1.7134,1.2656,5502.0000,32.0000,
4.3-3.8-2.7UV,1.7154,2.7382,2.3248,0,T-H,0.0000,0.0000,1.3968,1.6626,1.2805,5502.0000,32.0000,
4.3-3.8-2.7UV,1.7072,2.7999,2.4757,0,T-H,0.0000,0.0000,1.3968,1.6272,1.4062,5502.0000,32.0000,
4.3-3.8-2.7UV,1.6272,2.7999,2.5616,0,T-H,0.0000,0.0000,1.3803,1.6272,1.5206,5497.0000,32.0000,
4.3-3.8-2.7UV,1.4590,2.4931,2.6104,0,T-H,0.0000,0.0000,1.2627,1.4455,1.5584,5497.0000,32.0000,
4.3-3.8-2.7UV,1.4590,2.5748,2.5828,0,T-H,0.0000,0.0000,1.2627,1.4612,1.5643,5497.0000,32.0000,
4.3-3.8-2.7UV,1.5527,2.5360,2.6367,0,T-H,0.0000,0.0000,1.1481,1.4801,1.6370,5497.0000,32.0000,
4.3-3.8-2.7UV,1.5527,2.5321,2.6367,0,T-H,0.0000,0.0000,1.1481,1.4080,1.6457,5516.0000,32.0000,
4.3-3.8-2.7UV,1.6333,2.5321,2.7863,0,T-H,0.0000,0.0000,1.1826,1.3622,1.6512,5516.0000,32.0000,
4.3-3.8-2.7UV,1.8822,2.5962,1.9452,0,T-H,0.0000,0.0000,1.2300,1.3624,1.4326,5516.0000,32.0000,
4.3-3.8-2.7UV,2.0962,2.5797,1.9947,0,T-H,0.0000,0.0000,1.2605,1.3194,1.4811,5510.0000,32.0000,
4.3-3.8-2.7UV,2.1663,2.6072,1.9947,0,T-H,0.0000,0.0000,1.2755,1.3606,1.4811,5510.0000,32.0000,
4.3-3.8-2.7UV,2.0697,2.5696,1.6592,0,T-H,0.0000,0.0000,1.1849,1.3844,1.4173,5510.0000,32.0000,
4.3-3.8-2.7UV,2.3025,2.5696,1.5864,0,T-H,0.0000,0.0000,1.2319,1.4270,1.2711,5499.0000,32.0000,
4.3-3.8-2.7UV,2.1295,2.8158,1.5864,0,T-H,0.0000,0.0000,1.1425,1.5268,1.2711,5499.0000,32.0000,
4.3-3.8-2.7UV,2.2857,3.0682,2.0331,0,T-H,0.0000,0.0000,1.2239,1.4863,1.2184,5499.0000,32.0000,
4.3-3.8-2.7UV,1.9303,3.0407,2.2909,0,T-H,0.0000,0.0000,1.2187,1.5079,1.1795,5498.0000,32.0000,
4.3-3.8-2.7UV,1.9939,2.5752,2.3969,0,T-H,0.0000,0.0000,1.3113,1.5619,1.2112,5498.0000,32.0000,
4.3-3.8-2.7UV,2.2090,2.6553,2.7021,0,T-H,0.0000,0.0000,1.3844,1.5747,1.2872,5498.0000,32.0000,
4.3-3.8-2.7UV,1.8478,3.0008,2.7962,0,T-H,0.0000,0.0000,1.3028,1.7748,1.2841,5496.0000,32.0000,
4.3-3.8-2.7UV,2.1144,2.9456,2.9085,0,T-H,0.0000,0.0000,1.4114,1.6148,1.2749,5496.0000,32.0000,
4.3-3.8-2.7UV,2.0151,2.5820,3.1609,0,T-H,0.0000,0.0000,1.3766,1.4964,1.3455,5518.0000,32.0000,
4.3-3.8-2.7UV,2.1291,2.5757,3.1609,0,T-H,0.0000,0.0000,1.4080,1.4250,1.3455,5518.0000,32.0000,
4.3-3.8-2.7UV,2.2910,2.6020,2.6994,0,T-H,0.0000,0.0000,1.3855,1.5224,1.3824,5518.0000,32.0000,
4.3-3.8-2.7UV,2.3766,2.7055,2.7723,0,T-H,0.0000,0.0000,1.4075,1.5024,1.4235,5518.0000,32.0000,
4.3-3.8-2.7UV,2.5026,2.8568,2.5992,0,T-H,0.0000,0.0000,1.3076,1.6306,1.4461,5574.0000,32.0000,
4.3-3.8-2.7UV,2.3060,2.6837,2.2617,0,T-H,0.0000,0.0000,1.3314,1.4794,1.3024,5574.0000,32.0000,
4.3-3.8-2.7UV,2.3560,2.6022,2.0938,0,T-H,0.0000,0.0000,1.3152,1.4470,1.2202,5574.0000,32.0000,
4.3-3.8-2.7UV,2.2508,2.6744,2.0585,0,T-H,0.0000,0.0000,1.2461,1.4245,1.2202,5707.0000,32.0000,
4.3-3.8-2.7UV,2.4213,2.3661,2.0790,0,T-H,0.0000,0.0000,1.2864,1.3907,1.2021,5707.0000,32.0000,
4.3-3.8-2.7UV,2.1790,2.4533,1.8401,0,T-H,0.0000,0.0000,1.2864,1.4392,1.1559,5707.0000,32.0000,
4.3-3.8-2.7UV,2.0492,2.4544,1.5688,0,T-H,0.0000,0.0000,1.1509,1.3770,1.0317,5704.0000,32.0000,
4.3-3.8-2.7UV,2.1076,2.5074,1.5688,0,T-H,0.0000,0.0000,1.2208,1.4474,1.0317,5704.0000,32.0000,
4.3-3.8-2.7UV,2.1097,2.4667,1.5502,0,T-H,0.0000,0.0000,1.2392,1.5195,1.0795,5704.0000,32.0000,
4.3-3.8-2.7UV,1.9219,1.9464,1.3676,0,T-H,0.0000,0.0000,1.1032,1.3709,1.0066,5704.0000,32.0000,
4.3-3.8-2.7UV,1.8736,1.8828,1.3676,0,T-H,0.0000,0.0000,1.1757,1.3618,1.0066,5700.0000,32.0000,
4.3-3.8-2.7UV,1.8914,1.9817,1.4321,0,T-H,0.0000,0.0000,1.1593,1.3493,1.0437,5700.0000,32.0000,
4.3-3.8-2.7UV,1.9264,2.2158,1.4633,0,T-H,0.0000,0.0000,1.2561,1.3645,1.1230,5689.0000,32.0000,
4.3-3.8-2.7UV,2.1222,2.3621,1.3898,0,T-H,0.0000,0.0000,1.3250,1.3133,1.1010,5689.0000,32.0000,
4.3-3.8-2.7UV,2.1833,2.3560,1.8952,0,T-H,0.0000,0.0000,1.3073,1.3330,1.2470,5689.0000,32.0000,
